0.127337
0.133698
0.140995
0.149165
0.158129
0.167792
0.178028
0.188674
0.199520
0.210297
0.220670
0.230231
0.238501
0.244940
0.248970
0.250018
0.247569
0.241242
0.230867
0.216554
0.198739
0.178184
0.155917
0.133121
0.110986
0.090563
0.072643
0.057703
0.045904
0.037145
0.031142
0.027507
0.025824
0.025695
0.026774
0.028779
0.031498
0.034779
0.038528
0.042695
0.047268
0.052265
0.057726
0.063709
0.070285
0.077538
0.085559
0.094445
0.104298
0.115219
0.127307
0.140649
0.155313
0.171333
0.188694
0.207302
0.226958
0.247315
0.267832
0.287723
0.305915
0.321021
0.331360
0.335042
0.330172
0.315158
0.289135
0.252401
0.206724
0.155319
0.102403
0.052358
0.008804
-0.026083
-0.051750
-0.068967
-0.079292
-0.084531
-0.086375
-0.086215
-0.085100
-0.083772
-0.082729
-0.082287
-0.082638
-0.083891
-0.086105
-0.089309
-0.093520
-0.098750
-0.105017
-0.112339
-0.120746
-0.130265
-0.140927
-0.152755
-0.165753
-0.179899
-0.195126
-0.211301
-0.228203
-0.245491
-0.262670
-0.279069
-0.293805
-0.305790
-0.313750
-0.316308
-0.312128
-0.300129
-0.279754
-0.251241
-0.215794
-0.175582
-0.133474
-0.092564
-0.055593
-0.024486
-0.000130
0.017554
0.029345
0.036386
0.039900
0.041008
0.040632
0.039482
0.038073
0.036757
0.035765
0.035240
0.035265
0.035886
0.037126
0.038999
0.041517
0.044698
0.048568
0.053164
0.058536
0.064746
0.071871
0.080002
0.089244
0.099711
0.111527
0.124822
0.139722
0.156340
0.174760
0.195012
0.217043
0.240667
0.265508
0.290925
0.315926
0.339082
0.358456
0.371607
0.375700
0.367814
0.345483
0.307458
0.254510
0.189949
0.119455
0.049994
-0.011896
-0.061744
-0.097942
-0.121431
-0.134703
-0.140714
-0.142147
-0.141092
-0.139019
-0.136885
-0.135270
-0.134503
-0.134744
-0.136055
-0.138434
-0.141843
-0.146221
-0.151496
-0.157584
-0.164391
-0.171809
-0.179712
-0.187952
-0.196352
-0.204699
-0.212742
-0.220191
-0.226714
-0.231949
-0.235517
-0.237044
-0.236193
-0.232702
-0.226426
-0.217374
-0.205740
-0.191909
-0.176441
-0.160026
-0.143415
-0.127344
-0.112460
-0.099262
-0.088074
-0.079045
-0.072169
-0.067327
-0.064325
-0.062938
-0.062933
-0.064099
-0.066255
-0.069257
-0.073001
-0.077418
-0.082470
-0.088147
-0.094459
-0.101436
-0.109117
-0.117548
-0.126778
-0.136854
-0.147812
-0.159669
-0.172418
-0.186011
-0.200346
-0.215251
-0.230458
-0.245586
-0.260118
-0.273385
-0.284562
-0.292685
-0.296703
-0.295568
-0.288375
-0.274539
-0.253986
-0.227300
-0.195783
-0.161356
-0.126305
-0.092912
-0.063087
-0.038096
-0.018469
-0.004082
0.005654
0.011578
0.014584
0.015504
0.015039
0.013739
0.012009
0.010136
0.008306
0.006635
0.005183
0.003976
0.003016
0.002294
0.001790
0.001485
0.001358
0.001392
0.001575
0.001895
0.002349
0.002934
0.003655
0.004517
0.005533
0.006718
0.008092
0.009679
0.011509
0.013617
0.016045
0.018840
0.022060
0.025769
0.030045
0.034976
0.040665
0.047229
0.054804
0.063545
0.073631
0.085259
0.098655
0.114061
0.131742
0.151968
0.175003
0.201072
0.230319
0.262732
0.298039
0.335553
0.373969
0.411109
0.443659
0.466971
0.475116
0.461440
0.419921
0.347418
0.246309
0.126161
0.002574
-0.107496
-0.191902
-0.247002
-0.276678
-0.288307
-0.288993
-0.283787
-0.275574
-0.265674
-0.254497
-0.242048
-0.228231
-0.213035
-0.196617
-0.179317
-0.161632
-0.144152
-0.127484
-0.112176
-0.098659
-0.087208
-0.077944
-0.070848
-0.065791
-0.062578
-0.060982
-0.060772
-0.061736
-0.063691
-0.066494
-0.070038
-0.074253
-0.079100
-0.084569
-0.090669
-0.097431
-0.104894
-0.113110
-0.122132
-0.132013
-0.142799
-0.154522
-0.167192
-0.180782
-0.195220
-0.210364
-0.225987
-0.241749
-0.257177
-0.271639
-0.284335
-0.294302
-0.300449
-0.301636
-0.296804
-0.285148
-0.266333
-0.240684
-0.209297
-0.174008
-0.137174
-0.101307
-0.068639
-0.040780
-0.018543
-0.001976
0.009447
0.016589
0.020423
0.021877
0.021745
0.020659
0.019091
0.017374
0.015729
0.014298
0.013160
0.012354
0.011894
0.011778
0.011998
0.012545
0.013413
0.014598
0.016106
0.017947
0.020142
0.022719
0.025714
0.029175
0.033160
0.037735
0.042983
0.048995
0.055881
0.063762
0.072780
0.083091
0.094869
0.108304
0.123597
0.140957
0.160583
0.182649
0.207272
0.234461
0.264053
0.295615
0.328311
0.360748
0.390797
0.415441
0.430733
0.431988
0.414388
0.374125
0.310004
0.225039
0.127109
0.027706
-0.061279
-0.131344
-0.179550
-0.208014
-0.221586
-0.225462
-0.223819
-0.219463
-0.214036
-0.208383
-0.202862
-0.197569
-0.192481
-0.187530
-0.182648
-0.177791
-0.172941
-0.168112
-0.163344
-0.158695
-0.154237
-0.150046
-0.146199
-0.142765
-0.139804
-0.137364
-0.135478
-0.134167
-0.133440
-0.133294
-0.133718
-0.134694
-0.136198
-0.138203
-0.140676
-0.143583
-0.146885
-0.150542
-0.154505
-0.158724
-0.163137
-0.167677
-0.172267
-0.176818
-0.181232
-0.185400
-0.189201
-0.192512
-0.195201
-0.197141
-0.198212
-0.198311
-0.197358
-0.195308
-0.192157
-0.187945
-0.182766
-0.176760
-0.170109
-0.163029
-0.155756
-0.148529
-0.141577
-0.135105
-0.129286
-0.124250
-0.120089
-0.116852
-0.114558
-0.113197
-0.112740
-0.113145
-0.114363
-0.116344
-0.119040
-0.122406
-0.126400
-0.130984
-0.136123
-0.141780
-0.147918
-0.154489
-0.161438
-0.168695
-0.176172
-0.183756
-0.191309
-0.198662
-0.205616
-0.211937
-0.217367
-0.221626
-0.224428
-0.225498
-0.224596
-0.221545
-0.216257
-0.208764
-0.199226
-0.187943
-0.175338
-0.161925
-0.148270
-0.134932
-0.122418
-0.111137
-0.101384
-0.093326
-0.087018
-0.082419
-0.079426
-0.077895
-0.077666
-0.078584
-0.080509
-0.083325
-0.086939
-0.091287
-0.096328
-0.102042
-0.108425
-0.115486
-0.123240
-0.131707
-0.140900
-0.150826
-0.161474
-0.172807
-0.184753
-0.197194
-0.209948
-0.222762
-0.235293
-0.247097
-0.257626
-0.266233
-0.272192
-0.274744
-0.273164
-0.266863
-0.255497
-0.239085
-0.218088
-0.193437
-0.166462
-0.138741
-0.111879
-0.087285
-0.065988
-0.048557
-0.035111
-0.025415
-0.018999
-0.015286
-0.013689
-0.013673
-0.014792
-0.016694
-0.019123
-0.021900
-0.024916
-0.028112
-0.031470
-0.035002
-0.038741
-0.042739
-0.047056
-0.051766
-0.056949
-0.062694
-0.069097
-0.076262
-0.084304
-0.093343
-0.103510
-0.114941
-0.127776
-0.142155
-0.158206
-0.176034
-0.195700
-0.217195
-0.240394
-0.265006
-0.290505
-0.316042
-0.340359
-0.361704
-0.377799
-0.385899
-0.383016
-0.366376
-0.334120
-0.286138
-0.224770
-0.154948
-0.083449
-0.017317
0.037952
0.079617
0.107783
0.124555
0.132885
0.135665
0.135250
0.133346
0.131087
0.129178
0.128023
0.127832
0.128693
0.130618
0.133577
0.137512
0.142351
0.148009
0.154391
0.161391
0.168885
0.176730
0.184758
0.192769
0.200527
0.207762
0.214166
0.219402
0.223118
0.224962
0.224612
0.221812
0.216404
0.208369
0.197851
0.185172
0.170817
0.155401
0.139613
0.124147
0.109631
0.096573
0.085328
0.076086
0.068892
0.063673
0.060275
0.058500
0.058138
0.058989
0.060875
0.063652
0.067212
0.071479
0.076408
0.081981
0.088200
0.095087
0.102672
0.110994
0.120093
0.130005
0.140759
0.152361
0.164792
0.177994
0.191856
0.206193
0.220734
0.235097
0.248776
0.261122
0.271351
0.278561
0.281784
0.280077
0.272648
0.259022
0.239196
0.213771
0.183985
0.151612
0.118734
0.087413
0.059373
0.035768
0.017099
0.003284
-0.006180
-0.012029
-0.015067
-0.016051
-0.015624
-0.014303
-0.012469
-0.010395
-0.008260
-0.006173
-0.004191
-0.002335
-0.000601
0.001032
0.002592
0.004116
0.005641
0.007205
0.008848
0.010611
0.012535
0.014662
0.017039
0.019714
0.022741
0.026181
0.030102
0.034578
0.039697
0.045558
0.052273
0.059970
0.068793
0.078904
0.090486
0.103736
0.118870
0.136112
0.155687
0.177798
0.202604
0.230169
0.260398
0.292937
0.327045
0.361419
0.393998
0.421774
0.440686
0.445746
0.431577
0.393562
0.329591
0.241977
0.138538
0.031621
-0.065324
-0.142191
-0.195110
-0.226149
-0.240680
-0.244536
-0.242355
-0.237175
-0.230701
-0.223744
-0.216603
-0.209325
-0.201860
-0.194150
-0.186179
-0.177985
-0.169661
-0.161347
-0.153213
-0.145441
-0.138208
-0.131670
-0.125955
-0.121153
-0.117319
-0.114475
-0.112612
-0.111703
-0.111704
-0.112566
-0.114234
-0.116657
-0.119785
-0.123576
-0.127989
-0.132988
-0.138538
-0.144603
-0.151141
-0.158102
-0.165425
-0.173029
-0.180811
-0.188645
-0.196372
-0.203799
-0.210700
-0.216818
-0.221866
-0.225544
-0.227551
-0.227611
-0.225497
-0.221067
-0.214289
-0.205266
-0.194250
-0.181633
-0.167925
-0.153708
-0.139588
-0.126131
-0.113817
-0.103006
-0.093924
-0.086667
-0.081222
-0.077495
-0.075337
-0.074582
-0.075055
-0.076600
-0.079081
-0.082392
-0.086455
-0.091217
-0.096652
-0.102752
-0.109523
-0.116985
-0.125160
-0.134073
-0.143742
-0.154174
-0.165354
-0.177241
-0.189749
-0.202742
-0.216011
-0.229266
-0.242118
-0.254065
-0.264492
-0.272681
-0.277836
-0.279144
-0.275858
-0.267412
-0.253550
-0.234445
-0.210775
-0.183715
-0.154827
-0.125856
-0.098477
-0.074053
-0.053481
-0.037142
-0.024962
-0.016537
-0.011281
-0.008544
-0.007711
-0.008246
-0.009718
-0.011801
-0.014264
-0.016953
-0.019778
-0.022696
-0.025700
-0.028809
-0.032058
-0.035499
-0.039190
-0.043200
-0.047602
-0.052477
-0.057913
-0.064006
-0.070860
-0.078589
-0.087317
-0.097178
-0.108317
-0.120886
-0.135040
-0.150932
-0.168699
-0.188445
-0.210217
-0.233961
-0.259473
-0.286326
-0.313780
-0.340676
-0.365328
-0.385448
-0.398141
-0.400070
-0.387869
-0.358854
-0.312001
-0.248919
-0.174334
-0.095584
-0.020967
0.042514
0.090915
0.123797
0.143356
0.152996
0.156123
0.155509
0.153128
0.150261
0.147672
0.145779
0.144780
0.144741
0.145649
0.147443
0.150040
0.153340
0.157233
0.161604
0.166325
0.171263
0.176274
0.181202
0.185880
0.190129
0.193764
0.196596
0.198440
0.199129
0.198520
0.196513
0.193058
0.188174
0.181952
0.174554
0.166214
0.157219
0.147893
0.138571
0.129575
0.121191
0.113656
0.107143
0.101763
0.097567
0.094557
0.092700
0.091935
0.092189
0.093384
0.095447
0.098310
0.101917
0.106221
0.111186
0.116783
0.122988
0.129778
0.137129
0.145006
0.153364
0.162137
0.171235
0.180536
0.189879
0.199059
0.207821
0.215858
0.222818
0.228308
0.231912
0.233222
0.231873
0.227588
0.220230
0.209842
0.196681
0.181225
0.164139
0.146225
0.128332
0.111266
0.095707
0.082149
0.070879
0.061989
0.055408
0.050952
0.048373
0.047401
0.047776
0.049268
0.051689
0.054893
0.058780
0.063288
0.068387
0.074077
0.080379
0.087332
0.094986
0.103400
0.112636
0.122755
0.133811
0.145843
0.158867
0.172861
0.187757
0.203413
0.219596
0.235958
0.252001
0.267063
0.280295
0.290670
0.297021
0.298120
0.292825
0.280274
0.260115
0.232727
0.199333
0.161963
0.123195
0.085737
0.051949
0.023470
0.001053
-0.015369
-0.026457
-0.033193
-0.036640
-0.037783
-0.037450
-0.036282
-0.034752
-0.033189
-0.031811
-0.030751
-0.030087
-0.029857
-0.030078
-0.030753
-0.031884
-0.033471
-0.035523
-0.038055
-0.041090
-0.044666
-0.048828
-0.053636
-0.059161
-0.065491
-0.072724
-0.080975
-0.090374
-0.101066
-0.113206
-0.126963
-0.142507
-0.160005
-0.179602
-0.201401
-0.225423
-0.251562
-0.279510
-0.308669
-0.338028
-0.366041
-0.390498
-0.408461
-0.416338
-0.410201
-0.386462
-0.342923
-0.280022
-0.201773
-0.115711
-0.031374
0.042333
0.099672
0.139159
0.162844
0.174589
0.178444
0.177737
0.174808
0.171138
0.167574
0.164550
0.162253
0.160722
0.159920
0.159766
0.160163
0.161007
0.162190
0.163608
0.165160
0.166750
0.168285
0.169678
0.170847
0.171719
0.172228
0.172319
0.171952
0.171099
0.169752
0.167917
0.165624
0.162916
0.159857
0.156524
0.153006
0.149399
0.145801
0.142312
0.139023
0.136017
0.133367
0.131130
0.129352
0.128063
0.127283
0.127019
0.127268
0.128020
0.129258
0.130959
0.133098
0.135643
0.138560
0.141811
0.145351
0.149134
0.153103
0.157196
0.161344
0.165469
0.169481
0.173285
0.176778
0.179848
0.182384
0.184276
0.185418
0.185720
0.185111
0.183546
0.181014
0.177543
0.173201
0.168096
0.162376
0.156216
0.149811
0.143369
0.137088
0.131156
0.125734
0.120954
0.116914
0.113677
0.111278
0.109726
0.109007
0.109096
0.109957
0.111549
0.113829
0.116756
0.120289
0.124390
0.129021
0.134142
0.139711
0.145680
0.151991
0.158576
0.165348
0.172204
0.179015
0.185632
0.191876
0.197547
0.202422
0.206264
0.208832
0.209898
0.209261
0.206776
0.202367
0.196054
0.187962
0.178326
0.167482
0.155848
0.143884
0.132062
0.120818
0.110525
0.101465
0.093824
0.087691
0.083076
0.079925
0.078141
0.077607
0.078200
0.079801
0.082308
0.085636
0.089721
0.094516
0.099994
0.106139
0.112945
0.120415
0.128547
0.137338
0.146772
0.156816
0.167409
0.178456
0.189816
0.201292
0.212619
0.223457
0.233385
0.241903
0.248443
0.252397
0.253162
0.250204
0.243135
0.231800
0.216356
0.197310
0.175517
0.152107
0.128351
0.105507
0.084652
0.066566
0.051684
0.040106
0.031667
0.026023
0.022740
0.021369
0.021495
0.022761
0.024884
0.027654
0.030926
0.034610
0.038663
0.043077
0.047874
0.053098
0.058809
0.065081
0.071999
0.079657
0.088155
0.097600
0.108100
0.119765
0.132696
0.146983
0.162692
0.179845
0.198404
0.218238
0.239086
0.260507
0.281830
0.302095
0.320008
0.333928
0.341914
0.341865
0.331801
0.310271
0.276862
0.232647
0.180389
0.124283
0.069199
0.019618
-0.021320
-0.052292
-0.073654
-0.086890
-0.093968
-0.096831
-0.097129
-0.096123
-0.094713
-0.093503
-0.092879
-0.093072
-0.094214
-0.096372
-0.099577
-0.103840
-0.109165
-0.115553
-0.123009
-0.131538
-0.141144
-0.151825
-0.163565
-0.176323
-0.190022
-0.204529
-0.219638
-0.235046
-0.250330
-0.264925
-0.278104
-0.288983
-0.296537
-0.299665
-0.297291
-0.288520
-0.272831
-0.250275
-0.221617
-0.188365
-0.152636
-0.116845
-0.083313
-0.053881
-0.029672
-0.011039
0.002306
0.011079
0.016190
0.018569
0.019048
0.018312
0.016887
0.015154
0.013377
0.011724
0.010297
0.009149
0.008301
0.007754
0.007499
0.007522
0.007810
0.008352
0.009141
0.010176
0.011462
0.013012
0.014844
0.016984
0.019465
0.022329
0.025626
0.029414
0.033765
0.038759
0.044492
0.051070
0.058621
0.067284
0.077221
0.088611
0.101653
0.116561
0.133560
0.152880
0.174732
0.199286
0.226626
0.256687
0.289159
0.323360
0.358067
0.391315
0.420202
0.440760
0.448035
0.436571
0.401483
0.340173
0.254319
0.151157
0.042810
-0.056937
-0.137205
-0.193288
-0.226736
-0.242809
-0.247498
-0.245672
-0.240563
-0.233998
-0.226853
-0.219454
-0.211854
-0.204004
-0.195850
-0.187379
-0.178642
-0.169747
-0.160855
-0.152157
-0.143857
-0.136148
-0.129201
-0.123150
-0.118088
-0.114069
-0.111106
-0.109185
-0.108269
-0.108305
-0.109235
-0.110999
-0.113539
-0.116805
-0.120752
-0.125340
-0.130535
-0.136305
-0.142618
-0.149436
-0.156715
-0.164397
-0.172406
-0.180642
-0.188980
-0.197258
-0.205278
-0.212804
-0.219559
-0.225235
-0.229499
-0.232014
-0.232460
-0.230568
-0.226154
-0.219154
-0.209658
-0.197921
-0.184365
-0.169550
-0.154129
-0.138782
-0.124151
-0.110776
-0.099061
-0.089251
-0.081442
-0.075605
-0.071619
-0.069306
-0.068467
-0.068901
-0.070428
-0.072895
-0.076185
-0.080211
-0.084918
-0.090279
-0.096288
-0.102960
-0.110320
-0.118402
-0.127242
-0.136877
-0.147332
-0.158618
-0.170719
-0.183585
-0.197114
-0.211141
-0.225418
-0.239592
-0.253194
-0.265621
-0.276138
-0.283889
-0.287948
-0.287389
-0.281408
-0.269469
-0.251460
-0.227828
-0.199630
-0.168471
-0.136310
-0.105170
-0.076821
-0.052532
-0.032954
-0.018156
-0.007752
-0.001084
0.002612
0.004083
0.003987
0.002855
0.001095
-0.001001
-0.003234
-0.005482
-0.007678
-0.009793
-0.011830
-0.013807
-0.015757
-0.017719
-0.019734
-0.021850
-0.024116
-0.026581
-0.029298
-0.032324
-0.035721
-0.039554
-0.043899
-0.048836
-0.054460
-0.060875
-0.068197
-0.076561
-0.086113
-0.097019
-0.109458
-0.123625
-0.139723
-0.157956
-0.178511
-0.201538
-0.227111
-0.255172
-0.285452
-0.317365
-0.349862
-0.381273
-0.409131
-0.430064
-0.439832
-0.433675
-0.407121
-0.357321
-0.284698
-0.194234
-0.095415
-0.000134
0.080913
0.141497
0.180929
0.202659
0.211804
0.213163
0.210318
0.205555
0.200161
0.194763
0.189608
0.184740
0.180115
0.175659
0.171306
0.167007
0.162744
0.158522
0.154369
0.150330
0.146462
0.142828
0.139491
0.136509
0.133935
0.131809
0.130165
0.129021
0.128390
0.128270
0.128656
0.129534
0.130883
0.132679
0.134894
0.137495
0.140446
0.143706
0.147230
0.150966
0.154859
0.158842
0.162845
0.166785
0.170574
0.174116
0.177308
0.180044
0.182215
0.183719
0.184462
0.184366
0.183375
0.181460
0.178627
0.174921
0.170422
0.165251
0.159560
0.153524
0.147335
0.141187
0.135267
0.129744
0.124762
0.120435
0.116845
0.114043
0.112056
0.110883
0.110511
0.110910
0.112046
0.113880
0.116370
0.119477
0.123162
0.127387
0.132112
0.137296
0.142893
0.148851
0.155107
0.161583
0.168187
0.174806
0.181305
0.187525
0.193285
0.198381
0.202594
0.205697
0.207467
0.207701
0.206233
0.202959
0.197852
0.190978
0.182507
0.172707
0.161933
0.150601
0.139153
0.128022
0.117598
0.108199
0.100056
0.093310
0.088018
0.084165
0.081689
0.080493
0.080466
0.081494
0.083473
0.086314
0.089942
0.094303
0.099360
0.105088
0.111475
0.118514
0.126201
0.134529
0.143484
0.153035
0.163130
0.173685
0.184577
0.195633
0.206621
0.217242
0.227120
0.235809
0.242793
0.247514
0.249403
0.247933
0.242690
0.233446
0.220236
0.203407
0.183634
0.161873
0.139269
0.117011
0.096189
0.077664
0.061995
0.049423
0.039915
0.033232
0.029013
0.026848
0.026337
0.027121
0.028904
0.031455
0.034610
0.038261
0.042346
0.046845
0.051768
0.057150
0.063044
0.069519
0.076654
0.084539
0.093270
0.102945
0.113667
0.125531
0.138627
0.153025
0.168762
0.185831
0.204151
0.223540
0.243677
0.264055
0.283936
0.302300
0.317824
0.328887
0.333649
0.330228
0.316987
0.292941
0.258183
0.214220
0.164008
0.111584
0.061297
0.016890
-0.019226
-0.046237
-0.064705
-0.076059
-0.082062
-0.084417
-0.084553
-0.083566
-0.082244
-0.081117
-0.080530
-0.080694
-0.081730
-0.083704
-0.086651
-0.090591
-0.095537
-0.101507
-0.108522
-0.116611
-0.125807
-0.136145
-0.147654
-0.160355
-0.174240
-0.189268
-0.205336
-0.222263
-0.239758
-0.257387
-0.274540
-0.290402
-0.303938
-0.313903
-0.318901
-0.317505
-0.308453
-0.290912
-0.264772
-0.230881
-0.191128
-0.148272
-0.105515
-0.065908
-0.031794
-0.004473
0.015828
0.029722
0.038319
0.042898
0.044674
0.044676
0.043707
0.042358
0.041038
0.040020
0.039476
0.039506
0.040167
0.041491
0.043494
0.046194
0.049607
0.053761
0.058694
0.064456
0.071110
0.078734
0.087418
0.097264
0.108384
0.120894
0.134911
0.150541
0.167866
0.186926
0.207688
0.230009
0.253585
0.277887
0.302087
0.324975
0.344899
0.359737
0.366966
0.363881
0.348007
0.317721
0.272980
0.215913
0.150930
0.084082
0.021714
-0.031107
-0.071671
-0.099789
-0.117141
-0.126297
-0.129890
-0.130148
-0.128742
-0.126824
-0.125135
-0.124125
-0.124043
-0.125013
-0.127079
-0.130239
-0.134462
-0.139703
-0.145905
-0.153004
-0.160925
-0.169579
-0.178857
-0.188622
-0.198700
-0.208870
-0.218859
-0.228333
-0.236893
-0.244085
-0.249406
-0.252338
-0.252381
-0.249112
-0.242246
-0.231704
-0.217667
-0.200601
-0.181247
-0.160554
-0.139582
-0.119370
-0.100817
-0.084590
-0.071085
-0.060426
-0.052523
-0.047126
-0.043904
-0.042498
-0.042564
-0.043802
-0.045968
-0.048876
-0.052396
-0.056446
-0.060986
-0.066010
-0.071538
-0.077614
-0.084295
-0.091652
-0.099765
-0.108720
-0.118606
-0.129510
-0.141510
-0.154673
-0.169040
-0.184613
-0.201339
-0.219084
-0.237603
-0.256505
-0.275216
-0.292935
-0.308610
-0.320934
-0.328379
-0.329313
-0.322193
-0.305854
-0.279858
-0.244820
-0.202577
-0.156086
-0.108974
-0.064853
-0.026602
0.004100
0.026869
0.042365
0.051867
0.056865
0.058776
0.058785
0.057809
0.056511
0.055348
0.054618
0.054505
0.055121
0.056528
0.058760
0.061839
0.065786
0.070624
0.076388
0.083120
0.090874
0.099717
0.109722
0.120965
0.133525
0.147468
0.162841
0.179653
0.197852
0.217298
0.237727
0.258699
0.279554
0.299354
0.316841
0.330429
0.338245
0.338272
0.328609
0.307864
0.275629
0.232909
0.182309
0.127813
0.074074
0.025422
-0.015048
-0.045950
-0.067515
-0.081088
-0.088525
-0.091702
-0.092232
-0.091368
-0.090014
-0.088785
-0.088078
-0.088137
-0.089101
-0.091046
-0.094009
-0.098006
-0.103047
-0.109139
-0.116294
-0.124527
-0.133855
-0.144291
-0.155841
-0.168492
-0.182201
-0.196880
-0.212373
-0.228438
-0.244717
-0.260710
-0.275750
-0.288988
-0.299397
-0.305808
-0.306991
-0.301800
-0.289365
-0.269324
-0.242040
-0.208724
-0.171393
-0.132621
-0.095115
-0.061248
-0.032670
-0.010150
0.006367
0.017536
0.024334
0.027827
0.029001
0.028686
0.027527
0.026001
0.024437
0.023056
0.021991
0.021322
0.021086
0.021301
0.021972
0.023097
0.024681
0.026728
0.029256
0.032288
0.035859
0.040017
0.044820
0.050341
0.056665
0.063892
0.072136
0.081527
0.092210
0.104340
0.118085
0.133616
0.151099
0.170680
0.192461
0.216465
0.242586
0.270518
0.299664
0.329017
0.357034
0.381510
0.399515
0.407460
0.401421
0.377806
0.334407
0.271644
0.193504
0.107497
0.023153
-0.050618
-0.108054
-0.147645
-0.171421
-0.183233
-0.187133
-0.186451
-0.183536
-0.179872
-0.176309
-0.173286
-0.170990
-0.169461
-0.168662
-0.168514
-0.168919
-0.169772
-0.170966
-0.172398
-0.173965
-0.175571
-0.177123
-0.178533
-0.179719
-0.180607
-0.181131
-0.181235
-0.180879
-0.180034
-0.178690
-0.176856
-0.174559
-0.171843
-0.168771
-0.165422
-0.161885
-0.158255
-0.154634
-0.151120
-0.147805
-0.144774
-0.142100
-0.139841
-0.138043
-0.136737
-0.135942
-0.135666
-0.135905
-0.136651
-0.137885
-0.139585
-0.141726
-0.144275
-0.147199
-0.150459
-0.154011
-0.157808
-0.161794
-0.165908
-0.170079
-0.174228
-0.178269
-0.182103
-0.185627
-0.188730
-0.191300
-0.193223
-0.194395
-0.194724
-0.194137
-0.192588
-0.190065
-0.186595
-0.182244
-0.177122
-0.171376
-0.165182
-0.158738
-0.152251
-0.145924
-0.139945
-0.134476
-0.129652
-0.125572
-0.122299
-0.119870
-0.118291
-0.117551
-0.117624
-0.118472
-0.120055
-0.122330
-0.125254
-0.128788
-0.132893
-0.137530
-0.142660
-0.148242
-0.154228
-0.160560
-0.167171
-0.173974
-0.180867
-0.187722
-0.194388
-0.200689
-0.206421
-0.211361
-0.215272
-0.217908
-0.219040
-0.218463
-0.216027
-0.211653
-0.205356
-0.197259
-0.187597
-0.176705
-0.165002
-0.152955
-0.141039
-0.129696
-0.119304
-0.110151
-0.102425
-0.096218
-0.091541
-0.088338
-0.086513
-0.085947
-0.086513
-0.088094
-0.090584
-0.093897
-0.097968
-0.102751
-0.108216
-0.114350
-0.121147
-0.128608
-0.136735
-0.145525
-0.154963
-0.165019
-0.175635
-0.186717
-0.198127
-0.209672
-0.221090
-0.232042
-0.242111
-0.250795
-0.257524
-0.261687
-0.262669
-0.259923
-0.253044
-0.241860
-0.226507
-0.207480
-0.185623
-0.162069
-0.138104
-0.115003
-0.093870
-0.075509
-0.060373
-0.048578
-0.039961
-0.034177
-0.030790
-0.029342
-0.029410
-0.030630
-0.032714
-0.035446
-0.038677
-0.042314
-0.046312
-0.050662
-0.055384
-0.060520
-0.066130
-0.072288
-0.079078
-0.086593
-0.094934
-0.104207
-0.114523
-0.125991
-0.138718
-0.152798
-0.168305
-0.185273
-0.203680
-0.223419
-0.244256
-0.265790
-0.287395
-0.308163
-0.326854
-0.341873
-0.351300
-0.353012
-0.344940
-0.325459
-0.293900
-0.251037
-0.199361
-0.142918
-0.086623
-0.035196
0.007870
0.040904
0.064016
0.078580
0.086565
0.089983
0.090571
0.089674
0.088258
0.086973
0.086239
0.086307
0.087323
0.089359
0.092450
0.096606
0.101830
0.108119
0.115475
0.123898
0.133386
0.143932
0.155515
0.168086
0.181562
0.195805
0.210603
0.225652
0.240529
0.254674
0.267374
0.277768
0.284868
0.287617
0.284997
0.276174
0.260680
0.238598
0.210691
0.178419
0.143809
0.109162
0.076680
0.048117
0.024548
0.006329
-0.006796
-0.015488
-0.020604
-0.023026
-0.023550
-0.022836
-0.021393
-0.019594
-0.017697
-0.015869
-0.014207
-0.012764
-0.011557
-0.010585
-0.009833
-0.009281
-0.008908
-0.008692
-0.008615
-0.008662
-0.008821
-0.009085
-0.009450
-0.009915
-0.010484
-0.011162
-0.011959
-0.012887
-0.013963
-0.015206
-0.016640
-0.018293
-0.020198
-0.022394
-0.024926
-0.027847
-0.031218
-0.035111
-0.039608
-0.044806
-0.050815
-0.057763
-0.065798
-0.075090
-0.085829
-0.098232
-0.112542
-0.129021
-0.147952
-0.169620
-0.194297
-0.222202
-0.253448
-0.287950
-0.325298
-0.364575
-0.404109
-0.441193
-0.471802
-0.490449
-0.490407
-0.464611
-0.407540
-0.317970
-0.201666
-0.072131
0.052421
0.155433
0.228077
0.270912
0.290679
0.295557
0.292061
0.284196
0.273914
0.261887
0.248169
0.232632
0.215230
0.196129
0.175749
0.154726
0.133840
0.113898
0.095625
0.079580
0.066106
0.055324
0.047166
0.041421
0.037798
0.035972
0.035627
0.036480
0.038295
0.040891
0.044134
0.047940
0.052262
0.057089
0.062435
0.068335
0.074843
0.082025
0.089956
0.098719
0.108399
0.119082
0.130846
0.143758
0.157860
0.173161
0.189616
0.207105
0.225403
0.244146
0.262794
0.280592
0.296539
0.309380
0.317637
0.319705
0.314034
0.299394
0.275216
0.241921
0.201118
0.155557
0.108741
0.064282
0.025189
-0.006657
-0.030653
-0.047286
-0.057729
-0.063437
-0.065832
-0.066132
-0.065294
-0.064016
-0.062788
-0.061931
-0.061648
-0.062060
-0.063237
-0.065218
-0.068025
-0.071680
-0.076204
-0.081629
-0.087996
-0.095358
-0.103780
-0.113335
-0.124104
-0.136168
-0.149606
-0.164478
-0.180818
-0.198610
-0.217759
-0.238066
-0.259174
-0.280525
-0.301297
-0.320360
-0.336241
-0.347136
-0.351010
-0.345802
-0.329776
-0.301988
-0.262779
-0.214112
-0.159549
-0.103722
-0.051386
-0.006366
0.029162
0.054812
0.071602
0.081326
0.085966
0.087317
0.086816
0.085521
0.084163
0.083222
0.082995
0.083658
0.085303
0.087978
0.091702
0.096483
0.102323
0.109229
0.117205
0.126261
0.136402
0.147622
0.159899
0.173183
0.187377
0.202320
0.217771
0.233377
0.248654
0.262962
0.275497
0.285293
0.291262
0.292272
0.287274
0.275480
0.256574
0.230897
0.199557
0.164391
0.127747
0.092110
0.059688
0.032062
0.010025
-0.006383
-0.017690
-0.024755
-0.028540
-0.029965
-0.029816
-0.028719
-0.027139
-0.025406
-0.023741
-0.022281
-0.021105
-0.020252
-0.019734
-0.019548
-0.019687
-0.020139
-0.020896
-0.021954
-0.023316
-0.024991
-0.026996
-0.029356
-0.032104
-0.035284
-0.038948
-0.043158
-0.047990
-0.053529
-0.059877
-0.067149
-0.075476
-0.085007
-0.095908
-0.108363
-0.122570
-0.138738
-0.157080
-0.177793
-0.201040
-0.226907
-0.255353
-0.286125
-0.318647
-0.351877
-0.384131
-0.412902
-0.434734
-0.445246
-0.439479
-0.412718
-0.361896
-0.287345
-0.194191
-0.092341
0.005730
0.088821
0.150502
0.190214
0.211712
0.220405
0.221273
0.217960
0.212741
0.206858
0.200889
0.195037
0.189322
0.183688
0.178069
0.172418
0.166723
0.161008
0.155327
0.149761
0.144403
0.139353
0.134710
0.130560
0.126976
0.124016
0.121717
0.120098
0.119167
0.118915
0.119324
0.120369
0.122022
0.124248
0.127013
0.130279
0.134007
0.138155
0.142677
0.147521
0.152628
0.157929
0.163344
0.168778
0.174123
0.179255
0.184034
0.188308
0.191915
0.194687
0.196464
0.197094
0.196455
0.194462
0.191079
0.186332
0.180316
0.173191
0.165183
0.156566
0.147646
0.138739
0.130148
0.122143
0.114948
0.108726
0.103584
0.099576
0.096706
0.094945
0.094241
0.094527
0.095732
0.097785
0.100626
0.104198
0.108457
0.113367
0.118897
0.125020
0.131712
0.138941
0.146670
0.154848
0.163403
0.172240
0.181232
0.190214
0.198979
0.207274
0.214798
0.221210
0.226133
0.229181
0.229977
0.228195
0.223603
0.216102
0.205770
0.192883
0.177916
0.161512
0.144427
0.127450
0.111321
0.096659
0.083908
0.073327
0.064993
0.058842
0.054704
0.052354
0.051545
0.052042
0.053633
0.056146
0.059450
0.063451
0.068093
0.073350
0.079223
0.085731
0.092911
0.100809
0.109478
0.118971
0.129339
0.140619
0.152832
0.165968
0.179975
0.194743
0.210085
0.225715
0.241220
0.256046
0.269471
0.280613
0.288442
0.291844
0.289725
0.281165
0.265612
0.243090
0.214343
0.180878
0.144825
0.108636
0.074678
0.044836
0.020272
0.001358
-0.012192
-0.021100
-0.026294
-0.028719
-0.029225
-0.028506
-0.027099
-0.025391
-0.023650
-0.022048
-0.020689
-0.019627
-0.018884
-0.018465
-0.018360
-0.018559
-0.019050
-0.019826
-0.020883
-0.022224
-0.023861
-0.025811
-0.028099
-0.030759
-0.033834
-0.037375
-0.041445
-0.046116
-0.051473
-0.057615
-0.064656
-0.072725
-0.081969
-0.092552
-0.104658
-0.118486
-0.134247
-0.152160
-0.172435
-0.195253
-0.220732
-0.248876
-0.279498
-0.312117
-0.345813
-0.379056
-0.409512
-0.433890
-0.447908
-0.446545
-0.424761
-0.378805
-0.308009
-0.216430
-0.113289
-0.011206
0.077582
0.145187
0.189855
0.214820
0.225570
0.227446
0.224471
0.219198
0.213030
0.206625
0.200219
0.193837
0.187426
0.180926
0.174303
0.167565
0.160765
0.153992
0.147361
0.141002
0.135046
0.129616
0.124815
0.120725
0.117405
0.114886
0.113180
0.112278
0.112161
0.112796
0.114149
0.116179
0.118846
0.122110
0.125933
0.130274
0.135093
0.140345
0.145980
0.151941
0.158157
0.164544
0.171001
0.177405
0.183614
0.189462
0.194762
0.199310
0.202888
0.205280
0.206280
0.205710
0.203440
0.199404
0.193620
0.186200
0.177354
0.167379
0.156645
0.145567
0.134567
0.124046
0.114348
0.105745
0.098422
0.092481
0.087949
0.084793
0.082942
0.082298
0.082753
0.084204
0.086557
0.089732
0.093665
0.098312
0.103638
0.109626
0.116262
0.123539
0.131448
0.139976
0.149095
0.158762
0.168905
0.179417
0.190150
0.200899
0.211401
0.221323
0.230260
0.237746
0.243260
0.246260
0.246224
0.242709
0.235422
0.224287
0.209509
0.191596
0.171350
0.149787
0.128033
0.107181
0.088159
0.071643
0.058009
0.047352
0.039543
0.034294
0.031240
0.029997
0.030202
0.031546
0.033779
0.036712
0.040217
0.044214
0.048665
0.053567
0.058945
0.064842
0.071320
0.078454
0.086325
0.095026
0.104648
0.115288
0.127036
0.139970
0.154152
0.169609
0.186322
0.204196
0.223040
0.242524
0.262139
0.281155
0.298580
0.313139
0.323292
0.327314
0.323464
0.310266
0.286868
0.253439
0.211441
0.163657
0.113830
0.065974
0.023551
-0.011179
-0.037403
-0.055570
-0.066947
-0.073141
-0.075734
-0.076078
-0.075226
-0.073944
-0.072762
-0.072024
-0.071948
-0.072660
-0.074234
-0.076708
-0.080105
-0.084445
-0.089749
-0.096045
-0.103370
-0.111771
-0.121299
-0.132012
-0.143963
-0.157196
-0.171733
-0.187560
-0.204606
-0.222715
-0.241619
-0.260893
-0.279918
-0.297837
-0.313527
-0.325598
-0.332440
-0.332347
-0.323738
-0.305473
-0.277226
-0.239819
-0.195367
-0.147115
-0.098913
-0.054453
-0.016541
0.013339
0.035046
0.049454
0.057993
0.062232
0.063607
0.063292
0.062174
0.060884
0.059847
0.059338
0.059525
0.060505
0.062333
0.065039
0.068645
0.073169
0.078639
0.085088
0.092560
0.101110
0.110798
0.121690
0.133852
0.147336
0.162178
0.178374
0.195865
0.214509
0.234041
0.254042
0.273882
0.292684
0.309280
0.322210
0.329761
0.330099
0.321494
0.302672
0.273223
0.233977
0.187188
0.136361
0.085669
0.039106
-0.000331
-0.031116
-0.053193
-0.067596
-0.075920
-0.079872
-0.080982
-0.080477
-0.079268
-0.077995
-0.077080
-0.076792
-0.077293
-0.078673
-0.080983
-0.084248
-0.088487
-0.093717
-0.099961
-0.107247
-0.115612
-0.125099
-0.135752
-0.147609
-0.160699
-0.175024
-0.190547
-0.207171
-0.224713
-0.242874
-0.261202
-0.279058
-0.295577
-0.309657
-0.319964
-0.324994
-0.323208
-0.313251
-0.294239
-0.266092
-0.229793
-0.187463
-0.142158
-0.097364
-0.056330
-0.021463
0.006015
0.026038
0.039412
0.047415
0.051446
0.052792
0.052513
0.051421
0.050097
0.048940
0.048211
0.048068
0.048606
0.049879
0.051915
0.054735
0.058359
0.062810
0.068124
0.074346
0.081534
0.089760
0.099103
0.109654
0.121507
0.134757
0.149484
0.165750
0.183572
0.202902
0.223594
0.245357
0.267706
0.289900
0.310876
0.329202
0.343066
0.350328
0.348700
0.336072
0.310993
0.273246
0.224330
0.167612
0.107931
0.050634
0.000355
-0.039977
-0.069482
-0.089019
-0.100476
-0.106063
-0.107826
-0.107414
-0.106038
-0.104534
-0.103441
-0.103092
-0.103678
-0.105297
-0.107992
-0.111777
-0.116645
-0.122584
-0.129579
-0.137613
-0.146665
-0.156706
-0.167688
-0.179541
-0.192155
-0.205369
-0.218952
-0.232586
-0.245851
-0.258209
-0.268998
-0.277443
-0.282688
-0.283853
-0.280133
-0.270921
-0.255953
-0.235439
-0.210145
-0.181378
-0.150855
-0.120471
-0.092008
-0.066882
-0.045973
-0.029600
-0.017600
-0.009475
-0.004556
-0.002135
-0.001554
-0.002256
-0.003800
-0.005859
-0.008202
-0.010680
-0.013206
-0.015740
-0.018274
-0.020826
-0.023428
-0.026124
-0.028966
-0.032011
-0.035320
-0.038960
-0.043002
-0.047524
-0.052610
-0.058352
-0.064853
-0.072227
-0.080599
-0.090109
-0.100907
-0.113159
-0.127035
-0.142714
-0.160367
-0.180144
-0.202149
-0.226409
-0.252817
-0.281060
-0.310530
-0.340198
-0.368483
-0.393125
-0.411121
-0.418795
-0.412137
-0.387498
-0.342684
-0.278239
-0.198392
-0.110960
-0.025732
0.048278
0.105408
0.144372
0.167439
0.178623
0.182041
0.181020
0.177876
0.174046
0.170345
0.167178
0.164711
0.162970
0.161908
0.161442
0.161473
0.161898
0.162616
0.163529
0.164545
0.165577
0.166548
0.167383
0.168019
0.168399
0.168476
0.168214
0.167589
0.166590
0.165218
0.163490
0.161437
0.159101
0.156536
0.153807
0.150984
0.148140
0.145350
0.142687
0.140218
0.138004
0.136095
0.134535
0.133356
0.132579
0.132218
0.132278
0.132754
0.133639
0.134916
0.136565
0.138561
0.140875
0.143473
0.146316
0.149362
0.152563
0.155865
0.159209
0.162529
0.165753
0.168804
0.171601
0.174059
0.176095
0.177626
0.178576
0.178879
0.178485
0.177363
0.175505
0.172930
0.169685
0.165844
0.161509
0.156803
0.151866
0.146844
0.141887
0.137136
0.132723
0.128756
0.125327
0.122502
0.120327
0.118826
0.118007
0.117864
0.118379
0.119529
0.121283
0.123609
0.126472
0.129835
0.133660
0.137905
0.142525
0.147469
0.152676
0.158079
0.163597
0.169134
0.174580
0.179810
0.184680
0.189035
0.192709
0.195531
0.197333
0.197962
0.197290
0.195230
0.191746
0.186865
0.180685
0.173373
0.165163
0.156339
0.147215
0.138119
0.129361
0.121217
0.113912
0.107612
0.102422
0.098391
0.095522
0.093779
0.093107
0.093435
0.094688
0.096795
0.099692
0.103324
0.107645
0.112621
0.118221
0.124420
0.131194
0.138515
0.146347
0.154640
0.163324
0.172304
0.181454
0.190608
0.199557
0.208044
0.215763
0.222363
0.227460
0.230650
0.231546
0.229805
0.225180
0.217565
0.207032
0.193862
0.178542
0.161738
0.144231
0.126840
0.110332
0.095342
0.082330
0.071554
0.063090
0.056860
0.052685
0.050325
0.049523
0.050033
0.051636
0.054154
0.057454
0.061439
0.066053
0.071271
0.077094
0.083543
0.090657
0.098484
0.107082
0.116508
0.126817
0.138054
0.150247
0.163398
0.177468
0.192361
0.207908
0.223842
0.239773
0.255162
0.269305
0.281320
0.290169
0.294700
0.293753
0.286310
0.271695
0.249792
0.221227
0.187432
0.150541
0.113094
0.077616
0.046182
0.020123
-0.000067
-0.014618
-0.024254
-0.029942
-0.032682
-0.033378
-0.032777
-0.031454
-0.029827
-0.028185
-0.026716
-0.025532
-0.024698
-0.024241
-0.024170
-0.024483
-0.025174
-0.026240
-0.027680
-0.029501
-0.031720
-0.034359
-0.037452
-0.041043
-0.045188
-0.049953
-0.055417
-0.061673
-0.068828
-0.077004
-0.086340
-0.096990
-0.109122
-0.122921
-0.138577
-0.156280
-0.176207
-0.198497
-0.223216
-0.250310
-0.279527
-0.310320
-0.341718
-0.372178
-0.399426
-0.420356
-0.431053
-0.427089
-0.404221
-0.359565
-0.293084
-0.208831
-0.115096
-0.022768
0.057794
0.119895
0.161899
0.186336
0.197763
0.200815
0.199152
0.195243
0.190562
0.185889
0.181582
0.177754
0.174396
0.171441
0.168804
0.166404
0.164171
0.162048
0.159997
0.157997
0.156036
0.154118
0.152253
0.150460
0.148761
0.147182
0.145747
0.144481
0.143408
0.142547
0.141914
0.141521
0.141374
0.141478
0.141829
0.142423
0.143250
0.144295
0.145540
0.146965
0.148545
0.150251
0.152053
0.153916
0.155802
0.157673
0.159486
0.161197
0.162764
0.164141
0.165286
0.166160
0.166727
0.166957
0.166828
0.166326
0.165449
0.164205
0.162615
0.160709
0.158532
0.156136
0.153582
0.150938
0.148273
0.145657
0.143159
0.140842
0.138763
0.136971
0.135508
0.134403
0.133678
0.133347
0.133415
0.133879
0.134730
0.135955
0.137533
0.139441
0.141651
0.144129
0.146838
0.149736
0.152777
0.155909
0.159073
0.162207
0.165242
0.168105
0.170720
0.173007
0.174887
0.176285
0.177131
0.177367
0.176947
0.175844
0.174055
0.171598
0.168520
0.164891
0.160806
0.156379
0.151740
0.147025
0.142373
0.137913
0.133768
0.130041
0.126817
0.124161
0.122115
0.120706
0.119944
0.119824
0.120333
0.121448
0.123142
0.125385
0.128142
0.131379
0.135056
0.139132
0.143561
0.148292
0.153264
0.158408
0.163645
0.168880
0.174008
0.178905
0.183438
0.187459
0.190813
0.193342
0.194895
0.195335
0.194551
0.192470
0.189066
0.184376
0.178494
0.171582
0.163857
0.155581
0.147044
0.138543
0.130362
0.122753
0.115924
0.110029
0.105169
0.101393
0.098709
0.097091
0.096492
0.096850
0.098102
0.100181
0.103029
0.106595
0.110835
0.115711
0.121194
0.127253
0.133860
0.140981
0.148572
0.156577
0.164918
0.173494
0.182171
0.190782
0.199116
0.206920
0.213900
0.219725
0.224038
0.226477
0.226701
0.224424
0.219458
0.211748
0.201407
0.188733
0.174203
0.158439
0.142154
0.126081
0.110894
0.097149
0.085242
0.075396
0.067674
0.062011
0.058250
0.056183
0.055589
0.056250
0.057977
0.060614
0.064041
0.068175
0.072965
0.078390
0.084450
0.091165
0.098569
0.106702
0.115611
0.125340
0.135924
0.147387
0.159724
0.172900
0.186828
0.201358
0.216254
0.231174
0.245652
0.259078
0.270691
0.279592
0.284781
0.285235
0.280026
0.268485
0.250381
0.226080
0.196630
0.163717
0.129465
0.096115
0.065657
0.039539
0.018517
0.002678
-0.008405
-0.015468
-0.019367
-0.020932
-0.020887
-0.019818
-0.018167
-0.016251
-0.014284
-0.012401
-0.010677
-0.009146
-0.007816
-0.006675
-0.005704
-0.004876
-0.004165
-0.003545
-0.002992
-0.002482
-0.001995
-0.001514
-0.001021
-0.000500
0.000062
0.000680
0.001370
0.002148
0.003030
0.004036
0.005187
0.006506
0.008022
0.009766
0.011776
0.014093
0.016768
0.019857
0.023427
0.027556
0.032332
0.037860
0.044260
0.051671
0.060252
0.070184
0.081676
0.094961
0.110295
0.127960
0.148250
0.171460
0.197854
0.227626
0.260828
0.297259
0.336310
0.376749
0.416438
0.452028
0.478700
0.490134
0.479009
0.438377
0.364111
0.257979
0.129855
-0.003188
-0.122025
-0.212719
-0.271086
-0.301628
-0.312752
-0.312333
-0.305744
-0.295849
-0.283787
-0.269772
-0.253674
-0.235378
-0.214991
-0.192913
-0.169827
-0.146616
-0.124233
-0.103564
-0.085309
-0.069914
-0.057552
-0.048158
-0.041490
-0.037198
-0.034890
-0.034187
-0.034745
-0.036281
-0.038574
-0.041464
-0.044843
-0.048652
-0.052867
-0.057496
-0.062571
-0.068141
-0.074272
-0.081040
-0.088534
-0.096847
-0.106079
-0.116334
-0.127715
-0.140320
-0.154232
-0.169515
-0.186190
-0.204222
-0.223488
-0.243743
-0.264574
-0.285355
-0.305188
-0.322865
-0.336852
-0.345325
-0.346300
-0.337874
-0.318599
-0.287943
-0.246725
-0.197337
-0.143572
-0.089986
-0.040940
0.000327
0.032225
0.054792
0.069241
0.077359
0.081014
0.081840
0.081127
0.079814
0.078546
0.077743
0.077668
0.078471
0.080236
0.083005
0.086798
0.091625
0.097497
0.104427
0.112431
0.121530
0.131743
0.143084
0.155550
0.169112
0.183703
0.199191
0.215365
0.231904
0.248349
0.264078
0.278282
0.289960
0.297948
0.300984
0.297832
0.287474
0.269340
0.243551
0.211087
0.173805
0.134243
0.095222
0.059346
0.028557
0.003898
-0.014489
-0.027159
-0.035074
-0.039340
-0.041013
-0.040996
-0.040001
-0.038559
-0.037041
-0.035698
-0.034684
-0.034094
-0.033976
-0.034353
-0.035235
-0.036627
-0.038533
-0.040966
-0.043944
-0.047498
-0.051669
-0.056511
-0.062091
-0.068489
-0.075802
-0.084138
-0.093621
-0.104389
-0.116589
-0.130379
-0.145915
-0.163347
-0.182797
-0.204339
-0.227962
-0.253516
-0.280650
-0.308714
-0.336659
-0.362913
-0.385288
-0.400938
-0.406467
-0.398278
-0.373234
-0.329646
-0.268359
-0.193485
-0.112189
-0.033207
0.035528
0.089022
0.126071
0.148566
0.159993
0.164027
0.163730
0.161304
0.158180
0.155208
0.152848
0.151319
0.150689
0.150942
0.152016
0.153820
0.156251
0.159196
0.162540
0.166159
0.169928
0.173716
0.177387
0.180802
0.183816
0.186289
0.188082
0.189067
0.189134
0.188199
0.186210
0.183156
0.179072
0.174043
0.168199
0.161714
0.154796
0.147671
0.140573
0.133725
0.127329
0.121558
0.116542
0.112375
0.109113
0.106775
0.105356
0.104830
0.105158
0.106295
0.108191
0.110799
0.114075
0.117976
0.122464
0.127504
0.133059
0.139088
0.145546
0.152378
0.159512
0.166863
0.174318
0.181744
0.188973
0.195812
0.202033
0.207386
0.211597
0.214390
0.215498
0.214687
0.211783
0.206701
0.199465
0.190227
0.179273
0.167006
0.153923
0.140567
0.127484
0.115169
0.104029
0.094357
0.086330
0.080009
0.075368
0.072311
0.070704
0.070395
0.071235
0.073086
0.075834
0.079388
0.083681
0.088673
0.094341
0.100678
0.107691
0.115392
0.123798
0.132918
0.142757
0.153299
0.164503
0.176293
0.188548
0.201083
0.213644
0.225887
0.237374
0.247565
0.255827
0.261455
0.263717
0.261922
0.255517
0.244190
0.227984
0.207366
0.183252
0.156933
0.129929
0.103781
0.079838
0.059085
0.042072
0.028918
0.019404
0.013087
0.009418
0.007834
0.007824
0.008955
0.010888
0.013373
0.016237
0.019374
0.022726
0.026279
0.030044
0.034059
0.038376
0.043059
0.048186
0.053839
0.060113
0.067108
0.074933
0.083705
0.093548
0.104594
0.116975
0.130824
0.146265
0.163398
0.182287
0.202927
0.225214
0.248893
0.273494
0.298261
0.322065
0.343329
0.359990
0.369534
0.369177
0.356243
0.328764
0.286235
0.230300
0.165026
0.096417
0.031136
-0.025161
-0.069128
-0.100107
-0.119570
-0.130101
-0.134475
-0.135089
-0.133764
-0.131761
-0.129896
-0.128660
-0.128329
-0.129038
-0.130836
-0.133719
-0.137652
-0.142583
-0.148449
-0.155176
-0.162680
-0.170864
-0.179609
-0.188773
-0.198176
-0.207600
-0.216776
-0.225385
-0.233054
-0.239364
-0.243864
-0.246096
-0.245633
-0.242126
-0.235360
-0.225304
-0.212157
-0.196362
-0.178590
-0.159682
-0.140563
-0.122137
-0.105188
-0.090301
-0.077835
-0.067923
-0.060505
-0.055390
-0.052304
-0.050947
-0.051023
-0.052271
-0.054474
-0.057468
-0.061132
-0.065392
-0.070211
-0.075583
-0.081526
-0.088079
-0.095296
-0.103240
-0.111981
-0.121593
-0.132146
-0.143703
-0.156310
-0.169988
-0.184721
-0.200434
-0.216980
-0.234104
-0.251423
-0.268389
-0.284261
-0.298089
-0.308719
-0.314838
-0.315073
-0.308164
-0.293199
-0.269887
-0.238804
-0.201509
-0.160451
-0.118624
-0.079036
-0.044160
-0.015546
0.006287
0.021700
0.031632
0.037271
0.039810
0.040300
0.039581
0.038287
0.036868
0.035630
0.034766
0.034396
0.034587
0.035375
0.036777
0.038806
0.041476
0.044805
0.048822
0.053568
0.059095
0.065471
0.072776
0.081105
0.090565
0.101275
0.113363
0.126959
0.142192
0.159172
0.177981
0.198641
0.221081
0.245092
0.270260
0.295890
0.320917
0.343819
0.362552
0.374566
0.376941
0.366739
0.341596
0.300520
0.244700
0.177940
0.106343
0.037054
-0.023542
-0.071400
-0.105412
-0.126927
-0.138652
-0.143587
-0.144355
-0.142950
-0.140744
-0.138617
-0.137093
-0.136457
-0.136846
-0.138301
-0.140809
-0.144322
-0.148773
-0.154085
-0.160166
-0.166916
-0.174220
-0.181945
-0.189933
-0.198001
-0.205929
-0.213462
-0.220308
-0.226141
-0.230612
-0.233365
-0.234058
-0.232400
-0.228182
-0.221317
-0.211872
-0.200088
-0.186380
-0.171314
-0.155555
-0.139809
-0.124743
-0.110928
-0.098793
-0.088603
-0.080465
-0.074354
-0.070146
-0.067659
-0.066683
-0.067009
-0.068447
-0.070837
-0.074054
-0.078007
-0.082638
-0.087917
-0.093838
-0.100415
-0.107674
-0.115652
-0.124389
-0.133926
-0.144294
-0.155513
-0.167579
-0.180452
-0.194050
-0.208224
-0.222749
-0.237296
-0.251418
-0.264534
-0.275919
-0.284721
-0.289987
-0.290745
-0.286107
-0.275419
-0.258434
-0.235457
-0.207430
-0.175906
-0.142868
-0.110444
-0.080565
-0.054681
-0.033603
-0.017507
-0.006059
0.001397
0.005656
0.007512
0.007672
0.006714
0.005084
0.003105
0.000997
-0.001101
-0.003107
-0.004987
-0.006733
-0.008358
-0.009888
-0.011355
-0.012794
-0.014243
-0.015739
-0.017322
-0.019028
-0.020899
-0.022976
-0.025302
-0.027927
-0.030902
-0.034287
-0.038149
-0.042563
-0.047615
-0.053404
-0.060040
-0.067652
-0.076383
-0.086397
-0.097875
-0.111017
-0.126040
-0.143172
-0.162642
-0.184663
-0.209404
-0.236945
-0.267213
-0.299885
-0.334257
-0.369071
-0.402314
-0.431021
-0.451149
-0.457673
-0.445095
-0.408562
-0.345622
-0.258222
-0.153944
-0.045195
0.054175
0.133487
0.188388
0.220748
0.235997
0.240140
0.237985
0.232677
0.225974
0.218703
0.211160
0.203383
0.195320
0.186920
0.178180
0.169161
0.159989
0.150836
0.141908
0.133417
0.125564
0.118521
0.112421
0.107355
0.103369
0.100470
0.098638
0.097827
0.097980
0.099035
0.100929
0.103603
0.107006
0.111092
0.115824
0.121168
0.127094
0.133572
0.140566
0.148033
0.155915
0.164137
0.172599
0.181171
0.189688
0.197946
0.205699
0.212659
0.218504
0.222885
0.225446
0.225851
0.223817
0.219149
0.211784
0.201819
0.189528
0.175365
0.159927
0.143906
0.128020
0.112938
0.099219
0.087269
0.077327
0.069473
0.063658
0.059740
0.057522
0.056787
0.057325
0.058945
0.061492
0.064844
0.068914
0.073651
0.079028
0.085045
0.091717
0.099077
0.107162
0.116016
0.125681
0.136190
0.147562
0.159794
0.172845
0.186628
0.200991
0.215698
0.230411
0.244667
0.257866
0.269258
0.277965
0.283009
0.283395
0.278224
0.266852
0.249059
0.225208
0.196320
0.164035
0.130413
0.097634
0.067641
0.041853
0.021027
0.005271
-0.005810
-0.012921
-0.016886
-0.018515
-0.018517
-0.017468
-0.015805
-0.013845
-0.011800
-0.009805
-0.007935
-0.006224
-0.004678
-0.003283
-0.002017
-0.000850
0.000249
0.001313
0.002373
0.003460
0.004605
0.005838
0.007187
0.008686
0.010366
0.012263
0.014417
0.016871
0.019675
0.022885
0.026567
0.030793
0.035649
0.041233
0.047657
0.055050
0.063558
0.073348
0.084608
0.097546
0.112391
0.129387
0.148787
0.170836
0.195742
0.223642
0.254532
0.288175
0.323964
0.360744
0.396589
0.428561
0.452530
0.463181
0.454445
0.420592
0.358108
0.268043
0.157755
0.040505
-0.068057
-0.155282
-0.215613
-0.250832
-0.267026
-0.270990
-0.268081
-0.261688
-0.253593
-0.244547
-0.234749
-0.224167
-0.212737
-0.200465
-0.187468
-0.173983
-0.160343
-0.146935
-0.134160
-0.122383
-0.111900
-0.102920
-0.095555
-0.089830
-0.085696
-0.083056
-0.081783
-0.081737
-0.082785
-0.084805
-0.087697
-0.091383
-0.095805
-0.100929
-0.106737
-0.113224
-0.120395
-0.128262
-0.136834
-0.146116
-0.156099
-0.166757
-0.178032
-0.189828
-0.201999
-0.214333
-0.226543
-0.238255
-0.248999
-0.258210
-0.265242
-0.269398
-0.269982
-0.266376
-0.258137
-0.245102
-0.227481
-0.205905
-0.181413
-0.155356
-0.129225
-0.104450
-0.082208
-0.063293
-0.048079
-0.036556
-0.028428
-0.023228
-0.020421
-0.019480
-0.019941
-0.021420
-0.023620
-0.026327
-0.029400
-0.032753
-0.036350
-0.040186
-0.044286
-0.048694
-0.053472
-0.058690
-0.064430
-0.070785
-0.077852
-0.085740
-0.094562
-0.104440
-0.115500
-0.127870
-0.141675
-0.157027
-0.174015
-0.192687
-0.213022
-0.234893
-0.258022
-0.281922
-0.305818
-0.328579
-0.348647
-0.364013
-0.372268
-0.370792
-0.357128
-0.329553
-0.287774
-0.233526
-0.170767
-0.105174
-0.042943
0.010721
0.052759
0.082567
0.101494
0.111919
0.116423
0.117261
0.116170
0.114373
0.112674
0.111568
0.111342
0.112145
0.114040
0.117038
0.121118
0.126246
0.132374
0.139450
0.147412
0.156183
0.165673
0.175762
0.186297
0.197078
0.207851
0.218295
0.228020
0.236565
0.243402
0.247965
0.249678
0.248013
0.242558
0.233094
0.219666
0.202637
0.182698
0.160818
0.138151
0.115889
0.095115
0.076681
0.061130
0.048689
0.039312
0.032751
0.028638
0.026562
0.026123
0.026962
0.028785
0.031367
0.034544
0.038210
0.042306
0.046815
0.051746
0.057135
0.063038
0.069523
0.076670
0.084569
0.093317
0.103013
0.113758
0.125650
0.138778
0.153212
0.168990
0.186104
0.204473
0.223913
0.244100
0.264526
0.284445
0.302833
0.318357
0.329386
0.334072
0.330522
0.317098
0.292821
0.257801
0.213573
0.163128
0.110535
0.060164
0.015756
-0.020294
-0.047199
-0.065547
-0.076791
-0.082704
-0.084993
-0.085088
-0.084081
-0.082755
-0.081638
-0.081072
-0.081264
-0.082336
-0.084351
-0.087343
-0.091332
-0.096331
-0.102358
-0.109432
-0.117582
-0.126840
-0.137240
-0.148810
-0.161564
-0.175495
-0.190552
-0.206628
-0.223533
-0.240963
-0.258473
-0.275439
-0.291034
-0.304210
-0.313719
-0.318171
-0.316160
-0.306467
-0.288321
-0.261688
-0.227497
-0.187694
-0.145063
-0.102775
-0.063809
-0.030410
-0.003784
0.015911
0.029324
0.037571
0.041913
0.043543
0.043463
0.042454
0.041089
0.039764
0.038743
0.038189
0.038201
0.038833
0.040113
0.042059
0.044685
0.048009
0.052057
0.056867
0.062489
0.068985
0.076433
0.084923
0.094557
0.105449
0.117716
0.131481
0.146857
0.163936
0.182774
0.203360
0.225583
0.249181
0.273679
0.298313
0.321949
0.343009
0.359433
0.368717
0.368101
0.354943
0.327319
0.284771
0.228978
0.164010
0.095837
0.031052
-0.024771
-0.068350
-0.099056
-0.118357
-0.128811
-0.133164
-0.133788
-0.132488
-0.130515
-0.128679
-0.127471
-0.127167
-0.127903
-0.129730
-0.132645
-0.136616
-0.141593
-0.147515
-0.154310
-0.161899
-0.170186
-0.179057
-0.188370
-0.197950
-0.207579
-0.216989
-0.225859
-0.233811
-0.240418
-0.245217
-0.247732
-0.247516
-0.244197
-0.237534
-0.227477
-0.214210
-0.198172
-0.180045
-0.160693
-0.141074
-0.122131
-0.104682
-0.089345
-0.076498
-0.066280
-0.058631
-0.053349
-0.050148
-0.048711
-0.048731
-0.049934
-0.052095
-0.055040
-0.058644
-0.062830
-0.067559
-0.072823
-0.078642
-0.085053
-0.092111
-0.099883
-0.108442
-0.117864
-0.128225
-0.139597
-0.152035
-0.165575
-0.180218
-0.195913
-0.212542
-0.229885
-0.247601
-0.265186
-0.281946
-0.296968
-0.309121
-0.317078
-0.319406
-0.314720
-0.301910
-0.280430
-0.250577
-0.213673
-0.172044
-0.128727
-0.086943
-0.049495
-0.018285
0.005882
0.023201
0.034559
0.041184
0.044351
0.045207
0.044680
0.043478
0.042104
0.040901
0.040093
0.039815
0.040146
0.041129
0.042789
0.045140
0.048200
0.051990
0.056543
0.061901
0.068122
0.075277
0.083447
0.092730
0.103233
0.115068
0.128352
0.143197
0.159697
0.177913
0.197847
0.219412
0.242384
0.266347
0.290622
0.314188
0.335609
0.352988
0.363988
0.365966
0.356298
0.332900
0.294922
0.243430
0.181782
0.115354
0.050496
-0.006997
-0.053262
-0.086974
-0.109038
-0.121700
-0.127620
-0.129234
-0.128469
-0.126704
-0.124856
-0.123500
-0.122970
-0.123445
-0.125002
-0.127660
-0.131401
-0.136187
-0.141970
-0.148690
-0.156282
-0.164665
-0.173745
-0.183401
-0.193482
-0.203791
-0.214085
-0.224059
-0.233343
-0.241505
-0.248055
-0.252466
-0.254206
-0.252789
-0.247833
-0.239129
-0.226708
-0.210889
-0.192284
-0.171767
-0.150384
-0.129233
-0.109330
-0.091495
-0.076280
-0.063949
-0.054509
-0.047773
-0.043430
-0.041114
-0.040456
-0.041122
-0.042830
-0.045359
-0.048547
-0.052285
-0.056513
-0.061206
-0.066374
-0.072047
-0.078277
-0.085129
-0.092682
-0.101018
-0.110230
-0.120407
-0.131641
-0.144011
-0.157583
-0.172396
-0.188445
-0.205664
-0.223901
-0.242882
-0.262175
-0.281148
-0.298928
-0.314376
-0.326088
-0.332445
-0.331747
-0.322442
-0.303444
-0.274506
-0.236545
-0.191769
-0.143481
-0.095534
-0.051567
-0.014288
0.014927
0.036025
0.049933
0.058098
0.062083
0.063302
0.062905
0.061758
0.060473
0.059463
0.058993
0.059225
0.060251
0.062125
0.064876
0.068525
0.073091
0.078601
0.085091
0.092605
0.101198
0.110932
0.121875
0.134090
0.147634
0.162540
0.178806
0.196372
0.215092
0.234700
0.254771
0.274669
0.293506
0.310104
0.322986
0.330427
0.330577
0.321704
0.302537
0.272687
0.233027
0.185861
0.134745
0.083891
0.037302
-0.002043
-0.032660
-0.054537
-0.068745
-0.076904
-0.080731
-0.081756
-0.081203
-0.079977
-0.078710
-0.077821
-0.077572
-0.078124
-0.079563
-0.081940
-0.085279
-0.089599
-0.094915
-0.101250
-0.108633
-0.117099
-0.126690
-0.137446
-0.149406
-0.162591
-0.176998
-0.192581
-0.209231
-0.226753
-0.244828
-0.262985
-0.280560
-0.296667
-0.310184
-0.319766
-0.323918
-0.321136
-0.310130
-0.290124
-0.261165
-0.224366
-0.181952
-0.137011
-0.092979
-0.052981
-0.019256
0.007123
0.026204
0.038841
0.046316
0.050000
0.051139
0.050752
0.049615
0.048282
0.047134
0.046415
0.046277
0.046808
0.048058
0.050054
0.052815
0.056362
0.060717
0.065917
0.072007
0.079047
0.087107
0.096272
0.106632
0.118288
0.131338
0.145873
0.161964
0.179646
0.198893
0.219589
0.241481
0.264130
0.286849
0.308635
0.328110
0.343499
0.352659
0.353237
0.342962
0.320122
0.284154
0.236196
0.179346
0.118378
0.058840
0.005780
-0.037386
-0.069384
-0.090855
-0.103651
-0.110063
-0.112261
-0.112021
-0.110655
-0.109069
-0.107850
-0.107359
-0.107802
-0.109286
-0.111857
-0.115524
-0.120279
-0.126102
-0.132971
-0.140858
-0.149733
-0.159551
-0.170255
-0.181756
-0.193931
-0.206601
-0.219524
-0.232369
-0.244715
-0.256028
-0.265671
-0.272911
-0.276959
-0.277031
-0.272436
-0.262696
-0.247670
-0.227654
-0.203442
-0.176289
-0.147777
-0.119608
-0.093350
-0.070227
-0.050991
-0.035904
-0.024813
-0.017278
-0.012710
-0.010484
-0.010016
-0.010810
-0.012469
-0.014696
-0.017284
-0.020099
-0.023065
-0.026149
-0.029353
-0.032702
-0.036238
-0.040017
-0.044102
-0.048568
-0.053494
-0.058967
-0.065083
-0.071945
-0.079666
-0.088366
-0.098179
-0.109243
-0.121706
-0.135717
-0.151421
-0.168946
-0.188387
-0.209779
-0.233058
-0.258012
-0.284213
-0.310928
-0.337023
-0.360861
-0.380238
-0.392385
-0.394132
-0.382297
-0.354363
-0.309382
-0.248866
-0.177242
-0.101387
-0.029124
0.032850
0.080632
0.113586
0.133615
0.143859
0.147558
0.147413
0.145391
0.142796
0.140431
0.138748
0.137976
0.138206
0.139445
0.141649
0.144748
0.148653
0.153264
0.158470
0.164153
0.170179
0.176401
0.182654
0.188753
0.194494
0.199651
0.203985
0.207247
0.209194
0.209602
0.208283
0.205112
0.200044
0.193132
0.184535
0.174522
0.163453
0.151758
0.139901
0.128336
0.117478
0.107665
0.099144
0.092067
0.086496
0.082416
0.079759
0.078423
0.078288
0.079235
0.081150
0.083939
0.087525
0.091849
0.096872
0.102571
0.108933
0.115955
0.123638
0.131978
0.140968
0.150584
0.160784
0.171494
0.182602
0.193947
0.205308
0.216395
0.226840
0.236196
0.243940
0.249494
0.252255
0.251646
0.247188
0.238580
0.225780
0.209073
0.189092
0.166793
0.143357
0.120051
0.098061
0.078352
0.061570
0.048021
0.037701
0.030377
0.025671
0.023146
0.022369
0.022948
0.024561
0.026953
0.029941
0.033402
0.037267
0.041505
0.046123
0.051149
0.056635
0.062646
0.069260
0.076567
0.084663
0.093649
0.103632
0.114720
0.127017
0.140616
0.155592
0.171987
0.189790
0.208913
0.229157
0.250167
0.271385
0.291995
0.310870
0.326546
0.337240
0.340938
0.335612
0.319562
0.291877
0.252918
0.204641
0.150572
0.095281
0.043446
-0.001167
-0.036411
-0.061899
-0.078625
-0.088348
-0.093020
-0.094412
-0.093946
-0.092675
-0.091326
-0.090378
-0.090130
-0.090757
-0.092356
-0.094975
-0.098634
-0.103343
-0.109107
-0.115934
-0.123833
-0.132815
-0.142892
-0.154064
-0.166318
-0.179612
-0.193862
-0.208924
-0.224572
-0.240473
-0.256161
-0.271016
-0.284244
-0.294881
-0.301823
-0.303895
-0.299981
-0.289193
-0.271093
-0.245898
-0.214615
-0.179034
-0.141531
-0.104697
-0.070894
-0.041872
-0.018566
-0.001101
0.011018
0.018661
0.022833
0.024502
0.024502
0.023498
0.021988
0.020327
0.018751
0.017410
0.016391
0.015739
0.015472
0.015592
0.016095
0.016975
0.018231
0.019866
0.021890
0.024324
0.027195
0.030544
0.034419
0.038881
0.044004
0.049873
0.056588
0.064265
0.073033
0.083039
0.094446
0.107429
0.122177
0.138881
0.157725
0.178870
0.202421
0.228387
0.256620
0.286725
0.317951
0.349045
0.378099
0.402411
0.418441
0.421952
0.408508
0.374422
0.318129
0.241638
0.151301
0.057071
-0.030038
-0.101306
-0.152683
-0.184941
-0.201942
-0.208460
-0.208679
-0.205622
-0.201198
-0.196481
-0.192003
-0.187978
-0.184445
-0.181358
-0.178639
-0.176201
-0.173968
-0.171874
-0.169871
-0.167928
-0.166026
-0.164160
-0.162335
-0.160565
-0.158867
-0.157265
-0.155783
-0.154446
-0.153277
-0.152298
-0.151528
-0.150980
-0.150664
-0.150588
-0.150753
-0.151156
-0.151791
-0.152647
-0.153709
-0.154960
-0.156378
-0.157938
-0.159612
-0.161368
-0.163173
-0.164990
-0.166780
-0.168501
-0.170113
-0.171571
-0.172836
-0.173866
-0.174624
-0.175079
-0.175203
-0.174978
-0.174393
-0.173451
-0.172161
-0.170546
-0.168640
-0.166487
-0.164139
-0.161657
-0.159106
-0.156552
-0.154062
-0.151701
-0.149528
-0.147597
-0.145952
-0.144631
-0.143662
-0.143063
-0.142845
-0.143013
-0.143562
-0.144483
-0.145760
-0.147375
-0.149301
-0.151510
-0.153970
-0.156641
-0.159483
-0.162447
-0.165482
-0.168530
-0.171528
-0.174408
-0.177099
-0.179526
-0.181614
-0.183288
-0.184478
-0.185120
-0.185162
-0.184566
-0.183315
-0.181410
-0.178877
-0.175768
-0.172156
-0.168137
-0.163825
-0.159343
-0.154823
-0.150396
-0.146184
-0.142298
-0.138834
-0.135870
-0.133462
-0.131649
-0.130453
-0.129882
-0.129930
-0.130582
-0.131816
-0.133607
-0.135922
-0.138730
-0.141993
-0.145673
-0.149727
-0.154108
-0.158762
-0.163627
-0.168632
-0.173694
-0.178717
-0.183595
-0.188205
-0.192413
-0.196077
-0.199047
-0.201177
-0.202326
-0.202373
-0.201224
-0.198827
-0.195175
-0.190322
-0.184377
-0.177509
-0.169939
-0.161921
-0.153734
-0.145656
-0.137948
-0.130840
-0.124516
-0.119111
-0.114710
-0.111353
-0.109043
-0.107752
-0.107434
-0.108032
-0.109486
-0.111736
-0.114727
-0.118413
-0.122750
-0.127705
-0.133244
-0.139336
-0.145950
-0.153044
-0.160569
-0.168459
-0.176627
-0.184961
-0.193318
-0.201517
-0.209341
-0.216531
-0.222794
-0.227805
-0.231225
-0.232721
-0.231992
-0.228809
-0.223044
-0.214708
-0.203977
-0.191194
-0.176860
-0.161595
-0.146075
-0.130974
-0.116889
-0.104295
-0.093517
-0.084718
-0.077927
-0.073060
-0.069961
-0.068437
-0.068282
-0.069305
-0.071339
-0.074246
-0.077926
-0.082309
-0.087355
-0.093049
-0.099395
-0.106416
-0.114141
-0.122608
-0.131854
-0.141910
-0.152798
-0.164515
-0.177032
-0.190274
-0.204112
-0.218340
-0.232660
-0.246664
-0.259814
-0.271439
-0.280737
-0.286804
-0.288697
-0.285529
-0.276602
-0.261570
-0.240585
-0.214401
-0.184371
-0.152322
-0.120297
-0.090243
-0.063709
-0.041666
-0.024461
-0.011910
-0.003462
0.001619
0.004106
0.004712
0.004035
0.002546
0.000595
-0.001576
-0.003808
-0.006007
-0.008130
-0.010162
-0.012116
-0.014017
-0.015900
-0.017805
-0.019776
-0.021859
-0.024102
-0.026555
-0.029270
-0.032303
-0.035716
-0.039574
-0.043954
-0.048937
-0.054618
-0.061103
-0.068511
-0.076977
-0.086651
-0.097701
-0.110311
-0.124679
-0.141009
-0.159510
-0.180370
-0.203739
-0.229687
-0.258144
-0.288824
-0.321106
-0.353889
-0.385425
-0.413144
-0.433547
-0.442261
-0.434426
-0.405563
-0.352984
-0.277486
-0.184599
-0.084348
0.011079
0.091106
0.149979
0.187569
0.207726
0.215724
0.216335
0.213030
0.207978
0.202365
0.196752
0.191343
0.186159
0.181146
0.176233
0.171363
0.166504
0.161656
0.156846
0.152125
0.147559
0.143224
0.139196
0.135549
0.132348
0.129648
0.127487
0.125895
0.124884
0.124457
0.124607
0.125319
0.126572
0.128340
0.130593
0.133297
0.136416
0.139911
0.143736
0.147842
0.152174
0.156667
0.161248
0.165836
0.170335
0.174643
0.178643
0.182213
0.185225
0.187548
0.189057
0.189641
0.189207
0.187691
0.185068
0.181357
0.176626
0.170992
0.164619
0.157708
0.150488
0.143198
0.136074
0.129337
0.123174
0.117738
0.113138
0.109445
0.106691
0.104879
0.103988
0.103981
0.104812
0.106431
0.108789
0.111838
0.115535
0.119841
0.124720
0.130135
0.136050
0.142422
0.149202
0.156327
0.163717
0.171274
0.178871
0.186355
0.193540
0.200210
0.206118
0.210991
0.214546
0.216497
0.216584
0.214596
0.210396
0.203956
0.195371
0.184875
0.172834
0.159724
0.146093
0.132512
0.119518
0.107576
0.097037
0.088130
0.080963
0.075537
0.071777
0.069553
0.068711
0.069091
0.070544
0.072941
0.076178
0.080176
0.084885
0.090274
0.096332
0.103061
0.110477
0.118595
0.127435
0.137008
0.147311
0.158323
0.169990
0.182219
0.194861
0.207701
0.220439
0.232684
0.243938
0.253601
0.260979
0.265320
0.265872
0.261961
0.253106
0.239133
0.220277
0.197240
0.171175
0.143563
0.116033
0.090120
0.067059
0.047654
0.032236
0.020731
0.012763
0.007794
0.005227
0.004496
0.005108
0.006662
0.008856
0.011475
0.014376
0.017478
0.020743
0.024171
0.027784
0.031625
0.035751
0.040230
0.045137
0.050556
0.056581
0.063312
0.070856
0.079331
0.088864
0.099586
0.111638
0.125161
0.140290
0.157147
0.175821
0.196347
0.218669
0.242597
0.267744
0.293450
0.318692
0.341995
0.361365
0.374289
0.377859
0.369098
0.345527
0.305959
0.251325
0.185176
0.113457
0.043331
-0.018614
-0.068022
-0.103493
-0.126188
-0.138752
-0.144215
-0.145270
-0.143982
-0.141785
-0.139601
-0.137982
-0.137233
-0.137498
-0.138825
-0.141204
-0.144589
-0.148912
-0.154095
-0.160046
-0.166665
-0.173837
-0.181429
-0.189286
-0.197225
-0.205032
-0.212456
-0.219210
-0.224979
-0.229419
-0.232185
-0.232942
-0.231406
-0.227369
-0.220743
-0.211588
-0.200131
-0.186770
-0.172047
-0.156608
-0.141136
-0.126286
-0.112623
-0.100575
-0.090414
-0.082257
-0.076093
-0.071811
-0.069239
-0.068176
-0.068420
-0.069784
-0.072111
-0.075276
-0.079187
-0.083785
-0.089039
-0.094940
-0.101498
-0.108740
-0.116698
-0.125409
-0.134912
-0.145233
-0.156389
-0.168370
-0.181134
-0.194590
-0.208587
-0.222893
-0.237176
-0.250989
-0.263752
-0.274749
-0.283142
-0.288004
-0.288397
-0.283474
-0.272630
-0.255661
-0.232900
-0.205299
-0.174382
-0.142080
-0.110445
-0.081328
-0.056114
-0.035572
-0.019868
-0.008680
-0.001379
0.002799
0.004618
0.004757
0.003779
0.002113
0.000073
-0.002126
-0.004349
-0.006519
-0.008603
-0.010596
-0.012515
-0.014388
-0.016253
-0.018152
-0.020127
-0.022225
-0.024495
-0.026986
-0.029751
-0.032846
-0.036335
-0.040284
-0.044770
-0.049879
-0.055705
-0.062359
-0.069961
-0.078651
-0.088583
-0.099928
-0.112872
-0.127617
-0.144370
-0.163337
-0.184703
-0.208609
-0.235101
-0.264079
-0.295200
-0.327762
-0.360553
-0.391671
-0.418362
-0.436930
-0.442844
-0.431206
-0.397735
-0.340275
-0.260487
-0.164897
-0.064267
0.029149
0.105481
0.160100
0.193872
0.211167
0.217308
0.216857
0.213017
0.207729
0.202026
0.196373
0.190923
0.185672
0.180559
0.175515
0.170490
0.165463
0.160446
0.155476
0.150615
0.145935
0.141518
0.137446
0.133792
0.130622
0.127987
0.125923
0.124454
0.123589
0.123328
0.123658
0.124562
0.126016
0.127990
0.130454
0.133371
0.136705
0.140414
0.144452
0.148768
0.153302
0.157987
0.162748
0.167496
0.172132
0.176544
0.180612
0.184203
0.187183
0.189415
0.190769
0.191129
0.190404
0.188533
0.185501
0.181339
0.176132
0.170016
0.163178
0.155839
0.148247
0.140656
0.133314
0.126441
0.120227
0.114815
0.110308
0.106761
0.104197
0.102605
0.101956
0.102203
0.103295
0.105178
0.107800
0.111114
0.115076
0.119649
0.124797
0.130486
0.136681
0.143340
0.150412
0.157834
0.165521
0.173369
0.181246
0.188986
0.196391
0.203229
0.209234
0.214116
0.217569
0.219292
0.219012
0.216512
0.211663
0.204455
0.195014
0.183619
0.170689
0.156753
0.142410
0.128266
0.114883
0.102726
0.092135
0.083314
0.076337
0.071172
0.067713
0.065803
0.065270
0.065940
0.067658
0.070292
0.073739
0.077926
0.082805
0.088352
0.094564
0.101450
0.109029
0.117329
0.126372
0.136178
0.146752
0.158077
0.170107
0.182751
0.195865
0.209229
0.222541
0.235394
0.247268
0.257528
0.265437
0.270183
0.270946
0.266986
0.257763
0.243065
0.223133
0.198720
0.171078
0.141828
0.112745
0.085492
0.061390
0.041271
0.025445
0.013777
0.005819
0.000956
-0.001468
-0.002068
-0.001373
0.000201
0.002337
0.004816
0.007492
0.010283
0.013150
0.016092
0.019127
0.022296
0.025647
0.029240
0.033142
0.037427
0.042173
0.047467
0.053404
0.060086
0.067625
0.076144
0.085778
0.096669
0.108971
0.122842
0.138440
0.155909
0.175367
0.196880
0.220424
0.245835
0.272741
0.300475
0.327962
0.353618
0.375246
0.390018
0.394594
0.385478
0.359691
0.315734
0.254626
0.180569
0.100662
0.023408
-0.043580
-0.095598
-0.131593
-0.153460
-0.164592
-0.168551
-0.168302
-0.165989
-0.163011
-0.160206
-0.158035
-0.156720
-0.156336
-0.156873
-0.158273
-0.160449
-0.163302
-0.166720
-0.170587
-0.174778
-0.179163
-0.183604
-0.187954
-0.192060
-0.195760
-0.198888
-0.201280
-0.202778
-0.203240
-0.202551
-0.200632
-0.197450
-0.193028
-0.187449
-0.180859
-0.173457
-0.165489
-0.157229
-0.148962
-0.140962
-0.133479
-0.126718
-0.120838
-0.115946
-0.112101
-0.109317
-0.107578
-0.106843
-0.107057
-0.108159
-0.110087
-0.112784
-0.116197
-0.120282
-0.125002
-0.130324
-0.136218
-0.142651
-0.149590
-0.156989
-0.164792
-0.172921
-0.181279
-0.189734
-0.198124
-0.206247
-0.213859
-0.220679
-0.226391
-0.230653
-0.233120
-0.233467
-0.231418
-0.226790
-0.219525
-0.209720
-0.197648
-0.183749
-0.168607
-0.152895
-0.137309
-0.122502
-0.109019
-0.097259
-0.087458
-0.079700
-0.073943
-0.070052
-0.067840
-0.067100
-0.067625
-0.069233
-0.071771
-0.075118
-0.079191
-0.083937
-0.089331
-0.095369
-0.102067
-0.109455
-0.117567
-0.126445
-0.136127
-0.146641
-0.158001
-0.170197
-0.183181
-0.196857
-0.211062
-0.225550
-0.239971
-0.253854
-0.266591
-0.277435
-0.285515
-0.289878
-0.289566
-0.283739
-0.271821
-0.253673
-0.229723
-0.201039
-0.169262
-0.136410
-0.104575
-0.075591
-0.050776
-0.030804
-0.015740
-0.005179
0.001566
0.005289
0.006763
0.006664
0.005542
0.003812
0.001774
-0.000370
-0.002496
-0.004532
-0.006451
-0.008251
-0.009949
-0.011573
-0.013158
-0.014741
-0.016362
-0.018061
-0.019881
-0.021863
-0.024052
-0.026494
-0.029240
-0.032346
-0.035873
-0.039889
-0.044473
-0.049714
-0.055710
-0.062577
-0.070445
-0.079459
-0.089784
-0.101602
-0.115114
-0.130534
-0.148084
-0.167982
-0.190426
-0.215555
-0.243410
-0.273856
-0.306485
-0.340479
-0.374432
-0.406162
-0.432524
-0.449347
-0.451602
-0.434029
-0.392363
-0.325116
-0.235395
-0.131711
-0.026629
0.066858
0.139611
0.188753
0.216943
0.229659
0.232535
0.229933
0.224663
0.218284
0.211531
0.204670
0.197736
0.190677
0.183434
0.175986
0.168360
0.160634
0.152928
0.145391
0.138182
0.131462
0.125372
0.120030
0.115523
0.111908
0.109209
0.107427
0.106542
0.106520
0.107318
0.108889
0.111186
0.114165
0.117781
0.121997
0.126773
0.132072
0.137854
0.144074
0.150676
0.157595
0.164747
0.172028
0.179311
0.186442
0.193235
0.199479
0.204934
0.209341
0.212432
0.213946
0.213649
0.211357
0.206965
0.200468
0.191982
0.181748
0.170125
0.157571
0.144599
0.131739
0.119486
0.108260
0.098381
0.090054
0.083374
0.078344
0.074893
0.072905
0.072239
0.072752
0.074307
0.076788
0.080099
0.084169
0.088950
0.094414
0.100548
0.107354
0.114840
0.123017
0.131895
0.141473
0.151738
0.162649
0.174136
0.186082
0.198315
0.210595
0.222599
0.233914
0.244032
0.252355
0.258213
0.260908
0.259771
0.254252
0.244017
0.229053
0.209746
0.186900
0.161695
0.135553
0.109956
0.086235
0.065412
0.048101
0.034504
0.024484
0.017662
0.013537
0.011574
0.011271
0.012200
0.014016
0.016458
0.019346
0.022563
0.026047
0.029774
0.033756
0.038026
0.042635
0.047650
0.053146
0.059211
0.065940
0.073436
0.081809
0.091176
0.101663
0.113394
0.126495
0.141086
0.157266
0.175102
0.194607
0.215706
0.238197
0.261695
0.285569
0.308865
0.330236
0.347894
0.359621
0.362886
0.355130
0.334240
0.299195
0.250737
0.191779
0.127252
0.063217
0.005448
-0.041941
-0.077229
-0.100928
-0.115017
-0.122031
-0.124393
-0.124076
-0.122528
-0.120733
-0.119321
-0.118666
-0.118978
-0.120358
-0.122841
-0.126420
-0.131071
-0.136754
-0.143421
-0.151020
-0.159486
-0.168741
-0.178684
-0.189185
-0.200073
-0.211126
-0.222059
-0.232517
-0.242070
-0.250212
-0.256379
-0.259973
-0.260406
-0.257166
-0.249892
-0.238455
-0.223032
-0.204143
-0.182639
-0.159628
-0.136350
-0.114019
-0.093668
-0.076042
-0.061552
-0.050287
-0.042083
-0.036607
-0.033440
-0.032149
-0.032331
-0.033645
-0.035816
-0.038643
-0.041984
-0.045755
-0.049915
-0.054458
-0.059408
-0.064810
-0.070723
-0.077225
-0.084399
-0.092340
-0.101147
-0.110926
-0.121783
-0.133819
-0.147131
-0.161794
-0.177855
-0.195311
-0.214088
-0.234007
-0.254743
-0.275780
-0.296353
-0.315406
-0.331549
-0.343075
-0.348031
-0.344410
-0.330463
-0.305132
-0.268530
-0.222294
-0.169634
-0.114902
-0.062744
-0.017087
0.019632
0.046708
0.064887
0.075788
0.081318
0.083270
0.083118
0.081970
0.080606
0.079547
0.079121
0.079526
0.080871
0.083215
0.086585
0.090992
0.096446
0.102955
0.110533
0.119195
0.128957
0.139833
0.151822
0.164900
0.179009
0.194038
0.209800
0.226012
0.242263
0.257990
0.272457
0.284741
0.293752
0.298284
0.297116
0.289181
0.273778
0.250804
0.220945
0.185745
0.147482
0.108843
0.072466
0.040480
0.014199
-0.005949
-0.020284
-0.029623
-0.035005
-0.037481
-0.037982
-0.037270
-0.035920
-0.034349
-0.032841
-0.031577
-0.030669
-0.030177
-0.030130
-0.030539
-0.031406
-0.032732
-0.034520
-0.036782
-0.039535
-0.042809
-0.046645
-0.051095
-0.056222
-0.062106
-0.068837
-0.076524
-0.085285
-0.095259
-0.106593
-0.119451
-0.134000
-0.150411
-0.168842
-0.189421
-0.212216
-0.237196
-0.264172
-0.292712
-0.322044
-0.350929
-0.377529
-0.399309
-0.413022
-0.414877
-0.401018
-0.368368
-0.315806
-0.245343
-0.162679
-0.076500
0.003643
0.070092
0.119057
0.150843
0.168535
0.176220
0.177667
0.175746
0.172374
0.168712
0.165399
0.162740
0.160848
0.159721
0.159301
0.159499
0.160211
0.161331
0.162753
0.164372
0.166087
0.167800
0.169417
0.170851
0.172019
0.172847
0.173269
0.173233
0.172698
0.171643
0.170063
0.167974
0.165410
0.162426
0.159096
0.155505
0.151752
0.147941
0.144178
0.140565
0.137197
0.134157
0.131517
0.129331
0.127641
0.126474
0.125844
0.125753
0.126194
0.127154
0.128612
0.130542
0.132916
0.135702
0.138861
0.142355
0.146136
0.150155
0.154353
0.158663
0.163013
0.167316
0.171478
0.175397
0.178961
0.182051
0.184549
0.186336
0.187303
0.187358
0.186430
0.184479
0.181504
0.177547
0.172693
0.167072
0.160852
0.154230
0.147421
0.140648
0.134119
0.128027
0.122533
0.117761
0.113802
0.110708
0.108501
0.107179
0.106718
0.107085
0.108235
0.110124
0.112707
0.115940
0.119784
0.124200
0.129150
0.134596
0.140497
0.146804
0.153458
0.160386
0.167498
0.174683
0.181803
0.188694
0.195165
0.200995
0.205944
0.209753
0.212163
0.212929
0.211842
0.208754
0.203603
0.196431
0.187400
0.176793
0.165002
0.152496
0.139785
0.127374
0.115720
0.105198
0.096076
0.088515
0.082574
0.078230
0.075396
0.073952
0.073761
0.074685
0.076600
0.079399
0.082999
0.087338
0.092377
0.098092
0.104476
0.111532
0.119267
0.127690
0.136802
0.146596
0.157043
0.168088
0.179636
0.191547
0.203617
0.215569
0.227046
0.237596
0.246680
0.253680
0.257929
0.258758
0.255571
0.247932
0.235666
0.218943
0.198336
0.174807
0.149622
0.124202
0.099929
0.077964
0.059121
0.043814
0.032085
0.023694
0.018218
0.015155
0.014001
0.014301
0.015676
0.017829
0.020543
0.023672
0.027126
0.030865
0.034882
0.039201
0.043864
0.048933
0.054480
0.060588
0.067351
0.074868
0.083247
0.092604
0.103058
0.114731
0.127742
0.142202
0.158203
0.175801
0.194996
0.215703
0.237705
0.260611
0.283785
0.306281
0.326780
0.343545
0.354448
0.357084
0.349053
0.328410
0.294271
0.247416
0.190652
0.128647
0.067094
0.011415
-0.034500
-0.068968
-0.092387
-0.106548
-0.113811
-0.116467
-0.116414
-0.115067
-0.113403
-0.112058
-0.111421
-0.111714
-0.113053
-0.115485
-0.119018
-0.123638
-0.129322
-0.136038
-0.143750
-0.152416
-0.161982
-0.172377
-0.183500
-0.195213
-0.207327
-0.219588
-0.231663
-0.243128
-0.253467
-0.262068
-0.268246
-0.271279
-0.270471
-0.265236
-0.255205
-0.240329
-0.220964
-0.197904
-0.172335
-0.145709
-0.119552
-0.095250
-0.073873
-0.056074
-0.042076
-0.031746
-0.024700
-0.020418
-0.018348
-0.017973
-0.018844
-0.020606
-0.022990
-0.025806
-0.028932
-0.032303
-0.035893
-0.039709
-0.043784
-0.048165
-0.052918
-0.058117
-0.063845
-0.070196
-0.077269
-0.085174
-0.094026
-0.103949
-0.115071
-0.127523
-0.141434
-0.156921
-0.174077
-0.192955
-0.213537
-0.235702
-0.259173
-0.283458
-0.307772
-0.330964
-0.351441
-0.367140
-0.375578
-0.374050
-0.360009
-0.331670
-0.288734
-0.233019
-0.168659
-0.101567
-0.038157
0.016236
0.058550
0.088288
0.106943
0.117027
0.121210
0.121791
0.120519
0.118611
0.116855
0.115732
0.115514
0.116338
0.118255
0.121268
0.125348
0.130449
0.136518
0.143489
0.151288
0.159829
0.169003
0.178676
0.188680
0.198799
0.208768
0.218259
0.226884
0.234197
0.239703
0.242889
0.243255
0.240372
0.233940
0.223857
0.210273
0.193619
0.174602
0.154143
0.133286
0.113067
0.094400
0.077975
0.064216
0.053281
0.045100
0.039446
0.035997
0.034399
0.034309
0.035423
0.037494
0.040329
0.043793
0.047799
0.052304
0.057298
0.062798
0.068844
0.075493
0.082814
0.090886
0.099792
0.109622
0.120460
0.132385
0.145462
0.159732
0.175198
0.191807
0.209428
0.227820
0.246600
0.265202
0.282839
0.298478
0.310831
0.318394
0.319557
0.312789
0.296925
0.271505
0.237094
0.195462
0.149488
0.102735
0.058780
0.020512
-0.010348
-0.033358
-0.049119
-0.058866
-0.064065
-0.066122
-0.066224
-0.065292
-0.063998
-0.062804
-0.062016
-0.061822
-0.062338
-0.063626
-0.065723
-0.068652
-0.072431
-0.077086
-0.082648
-0.089160
-0.096677
-0.105264
-0.114996
-0.125954
-0.138218
-0.151865
-0.166952
-0.183505
-0.201497
-0.220821
-0.241253
-0.262411
-0.283697
-0.304248
-0.322882
-0.338075
-0.347984
-0.350558
-0.343767
-0.325972
-0.296403
-0.255637
-0.205893
-0.150936
-0.095469
-0.044152
-0.000579
0.033359
0.057526
0.073095
0.081915
0.085951
0.086944
0.086269
0.084929
0.083611
0.082762
0.082657
0.083457
0.085248
0.088069
0.091940
0.096867
0.102853
0.109905
0.118030
0.127236
0.137529
0.148904
0.161337
0.174773
0.189110
0.204180
0.219730
0.235394
0.250667
0.264891
0.277236
0.286714
0.292221
0.292614
0.286856
0.274195
0.254375
0.227826
0.195752
0.160082
0.123220
0.087664
0.055580
0.028471
0.007035
-0.008771
-0.019539
-0.026158
-0.029604
-0.030790
-0.030490
-0.029312
-0.027706
-0.025989
-0.024370
-0.022979
-0.021889
-0.021136
-0.020729
-0.020667
-0.020940
-0.021541
-0.022462
-0.023703
-0.025268
-0.027171
-0.029433
-0.032083
-0.035160
-0.038714
-0.042803
-0.047497
-0.052879
-0.059045
-0.066105
-0.074186
-0.083430
-0.093998
-0.106066
-0.119826
-0.135482
-0.153241
-0.173299
-0.195821
-0.220908
-0.248543
-0.278521
-0.310343
-0.343085
-0.375230
-0.404496
-0.427698
-0.440732
-0.438838
-0.417292
-0.372647
-0.304385
-0.216411
-0.117413
-0.019218
0.066665
0.132687
0.176954
0.202275
0.213704
0.216310
0.214015
0.209387
0.203894
0.198272
0.192820
0.187605
0.182590
0.177705
0.172886
0.168091
0.163307
0.158550
0.153862
0.149302
0.144942
0.140856
0.137119
0.133798
0.130950
0.128620
0.126841
0.125630
0.124996
0.124934
0.125434
0.126476
0.128036
0.130087
0.132596
0.135529
0.138848
0.142509
0.146465
0.150663
0.155042
0.159534
0.164060
0.168532
0.172849
0.176903
0.180574
0.183740
0.186272
0.188045
0.188946
0.188876
0.187764
0.185570
0.182298
0.177998
0.172767
0.166749
0.160130
0.153125
0.145964
0.138882
0.132100
0.125816
0.120193
0.115354
0.111383
0.108327
0.106200
0.104990
0.104667
0.105191
0.106512
0.108584
0.111357
0.114789
0.118839
0.123468
0.128642
0.134323
0.140470
0.147035
0.153961
0.161174
0.168580
0.176066
0.183486
0.190671
0.197416
0.203488
0.208628
0.212561
0.215009
0.215708
0.214435
0.211031
0.205434
0.197696
0.187999
0.176661
0.164110
0.150861
0.137466
0.124466
0.112342
0.101477
0.092140
0.084478
0.078532
0.074254
0.071538
0.070241
0.070209
0.071295
0.073364
0.076306
0.080037
0.084496
0.089645
0.095468
0.101960
0.109131
0.116995
0.125567
0.134859
0.144870
0.155581
0.166945
0.178879
0.191248
0.203855
0.216427
0.228600
0.239912
0.249801
0.257613
0.262627
0.264110
0.261384
0.253934
0.241511
0.224241
0.202692
0.177873
0.151148
0.124072
0.098173
0.074742
0.054681
0.038442
0.026062
0.017260
0.011553
0.008380
0.007178
0.007449
0.008778
0.010844
0.013413
0.016327
0.019490
0.022857
0.026417
0.030190
0.034214
0.038546
0.043251
0.048408
0.054102
0.060427
0.067485
0.075386
0.084249
0.094198
0.105365
0.117887
0.131895
0.147514
0.164844
0.183945
0.204810
0.227324
0.251218
0.276004
0.300893
0.324717
0.345850
0.362168
0.371101
0.369826
0.355664
0.326711
0.282605
0.225213
0.158849
0.089713
0.024532
-0.031136
-0.074159
-0.104118
-0.122667
-0.132486
-0.136364
-0.136673
-0.135189
-0.133130
-0.131275
-0.130090
-0.129832
-0.130621
-0.132498
-0.135451
-0.139443
-0.144415
-0.150300
-0.157020
-0.164487
-0.172598
-0.181227
-0.190226
-0.199408
-0.208548
-0.217374
-0.225563
-0.232743
-0.238504
-0.242409
-0.244024
-0.242955
-0.238893
-0.231671
-0.221305
-0.208034
-0.192328
-0.174863
-0.156464
-0.138016
-0.120366
-0.104235
-0.090150
-0.078423
-0.069155
-0.062276
-0.057594
-0.054848
-0.053754
-0.054036
-0.055452
-0.057802
-0.060934
-0.064741
-0.069155
-0.074146
-0.079711
-0.085871
-0.092666
-0.100148
-0.108379
-0.117425
-0.127354
-0.138226
-0.150093
-0.162983
-0.176895
-0.191782
-0.207534
-0.223951
-0.240726
-0.257406
-0.273371
-0.287812
-0.299722
-0.307923
-0.311132
-0.308089
-0.297749
-0.279518
-0.253504
-0.220690
-0.182960
-0.142896
-0.103377
-0.067058
-0.035921
-0.011021
0.007506
0.020236
0.028158
0.032403
0.034048
0.034007
0.033005
0.031574
0.030090
0.028803
0.027870
0.027385
0.027397
0.027930
0.028995
0.030598
0.032747
0.035457
0.038751
0.042661
0.047236
0.052532
0.058624
0.065597
0.073553
0.082607
0.092887
0.104534
0.117695
0.132522
0.149161
0.167737
0.188332
0.210958
0.235507
0.261695
0.288977
0.316455
0.342763
0.365968
0.383516
0.392285
0.388838
0.369963
0.333510
0.279425
0.210595
0.132985
0.054633
-0.016370
-0.074098
-0.116075
-0.143126
-0.158145
-0.164677
-0.165929
-0.164351
-0.161615
-0.158762
-0.156395
-0.154824
-0.154182
-0.154494
-0.155724
-0.157799
-0.160625
-0.164099
-0.168106
-0.172525
-0.177230
-0.182081
-0.186931
-0.191621
-0.195984
-0.199840
-0.203008
-0.205307
-0.206565
-0.206631
-0.205387
-0.202759
-0.198731
-0.193355
-0.186750
-0.179107
-0.170677
-0.161754
-0.152658
-0.143708
-0.135200
-0.127392
-0.120485
-0.114622
-0.109885
-0.106307
-0.103873
-0.102543
-0.102253
-0.102931
-0.104506
-0.106907
-0.110076
-0.113960
-0.118518
-0.123717
-0.129529
-0.135929
-0.142892
-0.150387
-0.158371
-0.166788
-0.175559
-0.184578
-0.193703
-0.202753
-0.211502
-0.219674
-0.226949
-0.232962
-0.237324
-0.239637
-0.239530
-0.236697
-0.230943
-0.222229
-0.210705
-0.196732
-0.180865
-0.163816
-0.146384
-0.129367
-0.113484
-0.099302
-0.087201
-0.077365
-0.069809
-0.064414
-0.060975
-0.059246
-0.058974
-0.059924
-0.061895
-0.064728
-0.068303
-0.072542
-0.077400
-0.082863
-0.088940
-0.095658
-0.103062
-0.111201
-0.120133
-0.129913
-0.140592
-0.152208
-0.164776
-0.178281
-0.192659
-0.207786
-0.223452
-0.239338
-0.254993
-0.269813
-0.283021
-0.293670
-0.300677
-0.302884
-0.299188
-0.288711
-0.271005
-0.246266
-0.215464
-0.180340
-0.143220
-0.106657
-0.072998
-0.043998
-0.020617
-0.003017
0.009263
0.017065
0.021373
0.023147
0.023217
0.022248
0.020743
0.019058
0.017433
0.016021
0.014911
0.014147
0.013749
0.013717
0.014047
0.014730
0.015762
0.017143
0.018880
0.020988
0.023490
0.026419
0.029817
0.033739
0.038248
0.043420
0.049346
0.056128
0.063885
0.072753
0.082881
0.094438
0.107605
0.122578
0.139555
0.158728
0.180264
0.204274
0.230771
0.259603
0.290363
0.322267
0.354008
0.383590
0.408181
0.424066
0.426812
0.411800
0.375253
0.315716
0.235573
0.141800
0.045024
-0.043292
-0.114422
-0.164720
-0.195510
-0.211100
-0.216486
-0.215882
-0.212241
-0.207366
-0.202235
-0.197304
-0.192733
-0.188530
-0.184636
-0.180971
-0.177465
-0.174062
-0.170729
-0.167453
-0.164242
-0.161117
-0.158113
-0.155268
-0.152628
-0.150236
-0.148133
-0.146354
-0.144930
-0.143881
-0.143223
-0.142963
-0.143102
-0.143633
-0.144545
-0.145822
-0.147441
-0.149378
-0.151601
-0.154077
-0.156768
-0.159629
-0.162614
-0.165669
-0.168735
-0.171749
-0.174643
-0.177344
-0.179777
-0.181865
-0.183533
-0.184709
-0.185331
-0.185346
-0.184716
-0.183424
-0.181473
-0.178890
-0.175728
-0.172062
-0.167991
-0.163629
-0.159103
-0.154546
-0.150088
-0.145854
-0.141955
-0.138487
-0.135525
-0.133128
-0.131333
-0.130160
-0.129616
-0.129695
-0.130381
-0.131652
-0.133481
-0.135836
-0.138684
-0.141988
-0.145711
-0.149808
-0.154231
-0.158928
-0.163835
-0.168881
-0.173981
-0.179040
-0.183949
-0.188584
-0.192810
-0.196482
-0.199450
-0.201565
-0.202686
-0.202689
-0.201483
-0.199014
-0.195279
-0.190333
-0.184289
-0.177322
-0.169655
-0.161549
-0.153285
-0.145145
-0.137392
-0.130256
-0.123920
-0.118518
-0.114134
-0.110804
-0.108528
-0.107277
-0.107003
-0.107646
-0.109147
-0.111443
-0.114482
-0.118215
-0.122600
-0.127603
-0.133192
-0.139336
-0.146003
-0.153154
-0.160737
-0.168688
-0.176920
-0.185318
-0.193739
-0.201999
-0.209880
-0.217118
-0.223417
-0.228447
-0.231864
-0.233331
-0.232545
-0.229272
-0.223385
-0.214900
-0.203997
-0.191030
-0.176510
-0.161069
-0.145395
-0.130169
-0.115994
-0.103345
-0.092544
-0.083750
-0.076984
-0.072156
-0.069103
-0.067627
-0.067519
-0.068585
-0.070655
-0.073594
-0.077299
-0.081702
-0.086764
-0.092471
-0.098829
-0.105861
-0.113598
-0.122079
-0.131343
-0.141425
-0.152345
-0.164105
-0.176678
-0.189992
-0.203919
-0.218257
-0.232710
-0.246870
-0.260199
-0.272021
-0.281527
-0.287803
-0.289888
-0.286874
-0.278040
-0.263016
-0.241938
-0.215551
-0.185221
-0.152797
-0.120361
-0.089901
-0.063003
-0.040663
-0.023236
-0.010536
-0.001997
0.003131
0.005639
0.006254
0.005585
0.004112
0.002188
0.000060
-0.002111
-0.004231
-0.006252
-0.008160
-0.009966
-0.011693
-0.013374
-0.015047
-0.016751
-0.018528
-0.020423
-0.022477
-0.024739
-0.027255
-0.030079
-0.033267
-0.036881
-0.040994
-0.045683
-0.051038
-0.057162
-0.064170
-0.072192
-0.081377
-0.091888
-0.103909
-0.117639
-0.133291
-0.151082
-0.171223
-0.193899
-0.219233
-0.247237
-0.277738
-0.310274
-0.343955
-0.377289
-0.407993
-0.432828
-0.447565
-0.447206
-0.426679
-0.382115
-0.312621
-0.221962
-0.119103
-0.016569
0.073260
0.142171
0.188075
0.214001
0.225387
0.227630
0.224839
0.219641
0.213492
0.207081
0.200661
0.194264
0.187840
0.181326
0.174687
0.167931
0.161108
0.154306
0.147641
0.141243
0.135243
0.129766
0.124916
0.120778
0.117409
0.114844
0.113094
0.112153
0.111999
0.112601
0.113924
0.115928
0.118573
0.121818
0.125624
0.129952
0.134761
0.140007
0.145641
0.151605
0.157829
0.164231
0.170709
0.177142
0.183389
0.189285
0.194641
0.199255
0.202908
0.205382
0.206469
0.205988
0.203803
0.199846
0.194129
0.186759
0.177941
0.167971
0.157219
0.146099
0.135037
0.124438
0.114652
0.105955
0.098538
0.092506
0.087890
0.084659
0.082741
0.082037
0.082442
0.083849
0.086162
0.089302
0.093204
0.097820
0.103119
0.109080
0.115691
0.122944
0.130832
0.139342
0.148448
0.158108
0.168253
0.178780
0.189541
0.200338
0.210908
0.220923
0.229983
0.237619
0.243313
0.246518
0.246705
0.243421
0.236357
0.225419
0.210793
0.192971
0.172742
0.151120
0.129236
0.108198
0.088953
0.072198
0.058330
0.047459
0.039463
0.034059
0.030880
0.029539
0.029668
0.030952
0.033136
0.036026
0.039489
0.043443
0.047849
0.052700
0.058020
0.063852
0.070256
0.077306
0.085086
0.093685
0.103198
0.113721
0.125345
0.138153
0.152210
0.167549
0.184160
0.201960
0.220773
0.240289
0.260023
0.279274
0.297079
0.312192
0.323091
0.328053
0.325307
0.313305
0.291082
0.258652
0.217318
0.169734
0.119594
0.070969
0.027466
-0.008466
-0.035836
-0.054973
-0.067094
-0.073807
-0.076729
-0.077255
-0.076483
-0.075215
-0.074005
-0.073220
-0.073087
-0.073743
-0.075265
-0.077694
-0.081054
-0.085365
-0.090645
-0.096923
-0.104234
-0.112620
-0.122133
-0.132825
-0.144748
-0.157942
-0.172423
-0.188174
-0.205116
-0.223089
-0.241818
-0.260872
-0.279628
-0.297228
-0.312556
-0.324235
-0.330680
-0.330225
-0.321340
-0.302944
-0.274766
-0.237661
-0.193742
-0.146204
-0.098808
-0.055142
-0.017922
0.011427
0.032775
0.046976
0.055419
0.059633
0.061018
0.060722
0.059617
0.058321
0.057257
0.056697
0.056806
0.057682
0.059380
0.061931
0.065356
0.069675
0.074914
0.081108
0.088303
0.096554
0.105927
0.116493
0.128323
0.141486
0.156031
0.171981
0.189307
0.207909
0.227579
0.247961
0.268506
0.288420
0.306617
0.321699
0.331970
0.335529
0.330470
0.315201
0.288868
0.251796
0.205789
0.154110
0.101012
0.050897
0.007378
-0.027397
-0.052910
-0.069968
-0.080151
-0.085279
-0.087045
-0.086837
-0.085701
-0.084372
-0.083344
-0.082930
-0.083318
-0.084616
-0.086880
-0.090139
-0.094410
-0.099704
-0.106037
-0.113430
-0.121907
-0.131499
-0.142232
-0.154125
-0.167180
-0.181369
-0.196619
-0.212788
-0.229642
-0.246827
-0.263836
-0.279980
-0.294364
-0.305888
-0.313280
-0.315175
-0.310273
-0.297549
-0.276526
-0.247529
-0.211848
-0.171701
-0.129963
-0.089674
-0.053480
-0.023193
0.000397
0.017435
0.028726
0.035410
0.038688
0.039652
0.039197
0.038009
0.036582
0.035257
0.034255
0.033711
0.033706
0.034280
0.035456
0.037247
0.039664
0.042724
0.046451
0.050881
0.056064
0.062060
0.068946
0.076811
0.085758
0.095904
0.107373
0.120298
0.134812
0.151037
0.169074
0.188978
0.210729
0.234192
0.259055
0.284765
0.310432
0.334745
0.355888
0.371509
0.378792
0.374705
0.356485
0.322370
0.272458
0.209383
0.138383
0.066450
0.000654
-0.053685
-0.094122
-0.121051
-0.136772
-0.144320
-0.146581
-0.145862
-0.143811
-0.141511
-0.139624
-0.138525
-0.138404
-0.139334
-0.141318
-0.144318
-0.148271
-0.153099
-0.158713
-0.165014
-0.171889
-0.179211
-0.186831
-0.194575
-0.202240
-0.209590
-0.216354
-0.222231
-0.226896
-0.230014
-0.231260
-0.230344
-0.227049
-0.221258
-0.212994
-0.202432
-0.189911
-0.175920
-0.161054
-0.145966
-0.131298
-0.117623
-0.105395
-0.094925
-0.086373
-0.079767
-0.075032
-0.072022
-0.070554
-0.070433
-0.071478
-0.073528
-0.076453
-0.080154
-0.084565
-0.089646
-0.095383
-0.101778
-0.108851
-0.116629
-0.125146
-0.134434
-0.144518
-0.155411
-0.167103
-0.179552
-0.192670
-0.206312
-0.220256
-0.234188
-0.247681
-0.260188
-0.271030
-0.279412
-0.284458
-0.285270
-0.281035
-0.271155
-0.255397
-0.234023
-0.207875
-0.178342
-0.147218
-0.116449
-0.087837
-0.062776
-0.042096
-0.026055
-0.014427
-0.006664
-0.002064
0.000099
0.000491
-0.000335
-0.001943
-0.004012
-0.006320
-0.008724
-0.011141
-0.013535
-0.015901
-0.018256
-0.020633
-0.023072
-0.025624
-0.028341
-0.031281
-0.034504
-0.038076
-0.042066
-0.046552
-0.051618
-0.057356
-0.063870
-0.071276
-0.079703
-0.089292
-0.100200
-0.112597
-0.126664
-0.142586
-0.160544
-0.180700
-0.203170
-0.227990
-0.255059
-0.284067
-0.314392
-0.344971
-0.374161
-0.399591
-0.418098
-0.425791
-0.418417
-0.392110
-0.344587
-0.276538
-0.192643
-0.101408
-0.013317
0.062210
0.119548
0.157809
0.179764
0.189816
0.192282
0.190528
0.186820
0.182519
0.178355
0.174672
0.171585
0.169089
0.167119
0.165587
0.164400
0.163468
0.162712
0.162063
0.161463
0.160865
0.160233
0.159542
0.158774
0.157920
0.156980
0.155958
0.154865
0.153719
0.152537
0.151345
0.150165
0.149024
0.147948
0.146961
0.146086
0.145344
0.144753
0.144326
0.144075
0.144008
0.144128
0.144434
0.144923
0.145587
0.146416
0.147395
0.148509
0.149736
0.151054
0.152438
0.153860
0.155291
0.156700
0.158054
0.159320
0.160465
0.161458
0.162267
0.162866
0.163228
0.163336
0.163176
0.162741
0.162031
0.161055
0.159829
0.158378
0.156735
0.154937
0.153030
0.151060
0.149079
0.147136
0.145281
0.143560
0.142017
0.140689
0.139606
0.138794
0.138271
0.138049
0.138134
0.138526
0.139219
0.140203
0.141461
0.142975
0.144719
0.146667
0.148786
0.151041
0.153390
0.155791
0.158196
0.160554
0.162811
0.164910
0.166794
0.168406
0.169691
0.170597
0.171080
0.171103
0.170642
0.169684
0.168234
0.166312
0.163954
0.161215
0.158163
0.154878
0.151450
0.147974
0.144545
0.141256
0.138193
0.135432
0.133037
0.131061
0.129540
0.128502
0.127960
0.127918
0.128370
0.129305
0.130705
0.132545
0.134798
0.137432
0.140412
0.143698
0.147244
0.151000
0.154910
0.158907
0.162921
0.166871
0.170667
0.174212
0.177405
0.180138
0.182303
0.183798
0.184529
0.184417
0.183406
0.181470
0.178614
0.174883
0.170361
0.165167
0.159455
0.153401
0.147197
0.141039
0.135114
0.129590
0.124610
0.120289
0.116709
0.113919
0.111945
0.110787
0.110431
0.110846
0.111998
0.113848
0.116355
0.119479
0.123180
0.127420
0.132161
0.137360
0.142973
0.148946
0.155217
0.161707
0.168324
0.174954
0.181462
0.187688
0.193450
0.198545
0.202751
0.205841
0.207592
0.207799
0.206299
0.202987
0.197837
0.190919
0.182402
0.172558
0.161745
0.150381
0.138908
0.127763
0.117333
0.107937
0.099804
0.093073
0.087800
0.083969
0.081515
0.080341
0.080335
0.081384
0.083382
0.086240
0.089885
0.094262
0.099335
0.105078
0.111480
0.118535
0.126238
0.134585
0.143558
0.153129
0.163244
0.173820
0.184734
0.195811
0.206820
0.217458
0.227350
0.236046
0.243030
0.247740
0.249605
0.248099
0.242804
0.233496
0.220211
0.203301
0.183447
0.161612
0.138945
0.116642
0.095793
0.077259
0.061596
0.049042
0.039559
0.032903
0.028711
0.026571
0.026080
0.026880
0.028674
0.031232
0.034390
0.038039
0.042120
0.046613
0.051527
0.056898
0.062779
0.069239
0.076359
0.084227
0.092940
0.102597
0.113299
0.125146
0.138225
0.152609
0.168336
0.185402
0.203728
0.223135
0.243308
0.263743
0.283708
0.302187
0.317862
0.329110
0.334088
0.330900
0.317889
0.294039
0.259411
0.215479
0.165184
0.112569
0.062010
0.017294
-0.019122
-0.046390
-0.065054
-0.076544
-0.082632
-0.085032
-0.085188
-0.084206
-0.082881
-0.081749
-0.081158
-0.081320
-0.082357
-0.084338
-0.087296
-0.091250
-0.096214
-0.102204
-0.109243
-0.117356
-0.126576
-0.136936
-0.148465
-0.161178
-0.175066
-0.190082
-0.206119
-0.222991
-0.240398
-0.257899
-0.274876
-0.290510
-0.303761
-0.313387
-0.318002
-0.316201
-0.306758
-0.288888
-0.262530
-0.228580
-0.188955
-0.146410
-0.104111
-0.065044
-0.031482
-0.004660
0.015232
0.028820
0.037208
0.041655
0.043356
0.043319
0.042330
0.040969
0.039636
0.038597
0.038020
0.038005
0.038605
0.039852
0.041761
0.044348
0.047629
0.051632
0.056392
0.061958
0.068394
0.075775
0.084192
0.093745
0.104548
0.116721
0.130384
0.145652
0.162622
0.181352
0.201839
0.223980
0.247527
0.272022
0.296725
0.320531
0.341890
0.358774
0.368699
0.368904
0.356710
0.330109
0.288507
0.233418
0.168762
0.100429
0.035047
-0.021665
-0.066231
-0.097848
-0.117877
-0.128848
-0.133526
-0.134326
-0.133097
-0.131128
-0.129254
-0.127985
-0.127607
-0.128264
-0.130009
-0.132842
-0.136733
-0.141630
-0.147471
-0.154187
-0.161696
-0.169902
-0.178692
-0.187924
-0.197426
-0.206981
-0.216325
-0.225140
-0.233054
-0.239646
-0.244459
-0.247024
-0.246898
-0.243711
-0.237223
-0.227378
-0.214349
-0.198561
-0.180678
-0.161546
-0.142109
-0.123296
-0.105926
-0.090616
-0.077753
-0.067486
-0.059769
-0.054409
-0.051130
-0.049620
-0.049578
-0.050730
-0.052851
-0.055768
-0.059356
-0.063535
-0.068265
-0.073536
-0.079366
-0.085793
-0.092870
-0.100661
-0.109239
-0.118678
-0.129054
-0.140433
-0.152871
-0.166399
-0.181012
-0.196658
-0.213209
-0.230441
-0.248006
-0.265393
-0.281902
-0.296621
-0.308418
-0.315982
-0.317902
-0.312829
-0.299700
-0.278022
-0.248142
-0.211414
-0.170163
-0.127390
-0.086246
-0.049452
-0.018838
0.004844
0.021803
0.032920
0.039399
0.042488
0.043307
0.042764
0.041550
0.040158
0.038925
0.038069
0.037724
0.037966
0.038838
0.040361
0.042550
0.045421
0.048995
0.053300
0.058380
0.064289
0.071095
0.078881
0.087742
0.097784
0.109124
0.121884
0.136183
0.152133
0.169817
0.189274
0.210467
0.233243
0.257279
0.282015
0.306575
0.329683
0.349597
0.364091
0.370532
0.366123
0.348357
0.315685
0.268278
0.208612
0.141513
0.073377
0.010699
-0.041560
-0.080989
-0.107758
-0.123837
-0.131957
-0.134805
-0.134585
-0.132916
-0.130892
-0.129203
-0.128258
-0.128276
-0.129359
-0.131534
-0.134785
-0.139072
-0.144337
-0.150515
-0.157528
-0.165290
-0.173697
-0.182624
-0.191915
-0.201381
-0.210785
-0.219844
-0.228217
-0.235515
-0.241304
-0.245124
-0.246523
-0.245088
-0.240509
-0.232622
-0.221470
-0.207332
-0.190733
-0.172413
-0.153257
-0.134201
-0.116122
-0.099749
-0.085596
-0.073944
-0.064856
-0.058220
-0.053808
-0.051331
-0.050484
-0.050980
-0.052570
-0.055052
-0.058278
-0.062142
-0.066584
-0.071577
-0.077123
-0.083250
-0.090001
-0.097435
-0.105617
-0.114620
-0.124518
-0.135380
-0.147265
-0.160215
-0.174241
-0.189312
-0.205336
-0.222136
-0.239424
-0.256768
-0.273565
-0.289010
-0.302086
-0.311578
-0.316131
-0.314377
-0.305121
-0.287597
-0.261749
-0.228443
-0.189541
-0.147719
-0.106059
-0.067486
-0.034240
-0.007563
0.012319
0.025985
0.034493
0.039065
0.040871
0.040906
0.039951
0.038583
0.037204
0.036084
0.035390
0.035225
0.035643
0.036674
0.038335
0.040636
0.043595
0.047233
0.051584
0.056692
0.062617
0.069430
0.077218
0.086080
0.096128
0.107484
0.120276
0.134631
0.150668
0.168484
0.188129
0.209582
0.232705
0.257194
0.282504
0.307769
0.331712
0.352571
0.368065
0.375468
0.371842
0.354496
0.321691
0.273450
0.212224
0.142980
0.072427
0.007441
-0.046686
-0.087385
-0.114843
-0.131167
-0.139259
-0.141945
-0.141524
-0.139662
-0.137470
-0.135639
-0.134569
-0.134468
-0.135425
-0.137456
-0.140532
-0.144601
-0.149593
-0.155427
-0.162014
-0.169250
-0.177017
-0.185175
-0.193556
-0.201960
-0.210150
-0.217848
-0.224735
-0.230458
-0.234639
-0.236900
-0.236885
-0.234302
-0.228960
-0.220814
-0.209993
-0.196820
-0.181800
-0.165588
-0.148926
-0.132566
-0.117192
-0.103361
-0.091456
-0.081684
-0.074086
-0.068577
-0.064981
-0.063079
-0.062637
-0.063434
-0.065278
-0.068011
-0.071516
-0.075712
-0.080552
-0.086016
-0.092110
-0.098857
-0.106293
-0.114463
-0.123417
-0.133202
-0.143858
-0.155413
-0.167868
-0.181192
-0.195303
-0.210056
-0.225219
-0.240453
-0.255290
-0.269114
-0.281151
-0.290480
-0.296070
-0.296853
-0.291852
-0.280347
-0.262062
-0.237340
-0.207241
-0.173495
-0.138309
-0.104019
-0.072709
-0.045893
-0.024357
-0.008182
0.003087
0.010229
0.014143
0.015694
0.015635
0.014570
0.012953
0.011110
0.009260
0.007539
0.006026
0.004756
0.003741
0.002972
0.002433
0.002107
0.001972
0.002011
0.002211
0.002562
0.003057
0.003697
0.004484
0.005427
0.006538
0.007833
0.009334
0.011068
0.013067
0.015369
0.018019
0.021069
0.024581
0.028626
0.033287
0.038659
0.044852
0.051994
0.060231
0.069728
0.080674
0.093279
0.107776
0.124418
0.143468
0.165190
0.189823
0.217543
0.248408
0.282260
0.318604
0.356422
0.393947
0.428404
0.455776
0.470738
0.466966
0.438109
0.379631
0.291316
0.179490
0.057231
-0.058771
-0.153971
-0.221016
-0.260797
-0.279488
-0.284466
-0.281672
-0.274872
-0.266017
-0.255888
-0.244656
-0.232260
-0.218631
-0.203817
-0.188027
-0.171628
-0.155106
-0.139005
-0.123857
-0.110122
-0.098142
-0.088123
-0.080136
-0.074136
-0.069993
-0.067528
-0.066536
-0.066820
-0.068197
-0.070515
-0.073656
-0.077533
-0.082091
-0.087303
-0.093165
-0.099691
-0.106908
-0.114855
-0.123573
-0.133103
-0.143480
-0.154725
-0.166836
-0.179780
-0.193475
-0.207781
-0.222474
-0.237231
-0.251607
-0.265020
-0.276742
-0.285907
-0.291546
-0.292658
-0.288318
-0.277831
-0.260908
-0.237821
-0.209500
-0.177509
-0.143875
-0.110787
-0.080246
-0.053763
-0.032191
-0.015722
-0.004015
0.003604
0.007956
0.009863
0.010051
0.009118
0.007522
0.005593
0.003558
0.001562
-0.000314
-0.002029
-0.003576
-0.004964
-0.006215
-0.007358
-0.008424
-0.009444
-0.010449
-0.011469
-0.012535
-0.013673
-0.014914
-0.016286
-0.017820
-0.019549
-0.021509
-0.023741
-0.026289
-0.029206
-0.032550
-0.036389
-0.040800
-0.045872
-0.051709
-0.058428
-0.066165
-0.075073
-0.085326
-0.097122
-0.110676
-0.126227
-0.144025
-0.164326
-0.187369
-0.213352
-0.242378
-0.274384
-0.309034
-0.345565
-0.382593
-0.417871
-0.448059
-0.468569
-0.473691
-0.457212
-0.413788
-0.341088
-0.242148
-0.126621
-0.009341
0.094172
0.173199
0.224829
0.252840
0.264048
0.265004
0.260432
0.253110
0.244386
0.234753
0.224284
0.212912
0.200594
0.187389
0.173486
0.159195
0.144910
0.131065
0.118080
0.106317
0.096049
0.087446
0.080572
0.075408
0.071864
0.069811
0.069098
0.069572
0.071094
0.073543
0.076823
0.080862
0.085613
0.091051
0.097167
0.103967
0.111464
0.119676
0.128622
0.138310
0.148738
0.159878
0.171674
0.184025
0.196774
0.209694
0.222473
0.234702
0.245867
0.255347
0.262432
0.266358
0.266366
0.261793
0.252184
0.237411
0.217772
0.194043
0.167443
0.139508
0.111888
0.086106
0.063358
0.044384
0.029453
0.018432
0.010907
0.006314
0.004049
0.003546
0.004318
0.005977
0.008230
0.010873
0.013772
0.016852
0.020080
0.023460
0.027017
0.030796
0.034853
0.039256
0.044083
0.049416
0.055347
0.061976
0.069411
0.077770
0.087177
0.097766
0.109680
0.123059
0.138046
0.154766
0.173318
0.193749
0.216021
0.239969
0.265234
0.291195
0.316873
0.340839
0.361140
0.375282
0.380339
0.373246
0.351355
0.313227
0.259493
0.193447
0.120924
0.049205
-0.014803
-0.066336
-0.103657
-0.127746
-0.141232
-0.147221
-0.148519
-0.147290
-0.145042
-0.142745
-0.140978
-0.140059
-0.140141
-0.141274
-0.143444
-0.146604
-0.150683
-0.155596
-0.161249
-0.167537
-0.174342
-0.181527
-0.188938
-0.196392
-0.203681
-0.210564
-0.216769
-0.221998
-0.225939
-0.228275
-0.228710
-0.226996
-0.222961
-0.216545
-0.207820
-0.197010
-0.184486
-0.170746
-0.156375
-0.141988
-0.128176
-0.115446
-0.104189
-0.094660
-0.086976
-0.081141
-0.077067
-0.074610
-0.073599
-0.073856
-0.075216
-0.077536
-0.080702
-0.084630
-0.089263
-0.094569
-0.100538
-0.107176
-0.114499
-0.122534
-0.131307
-0.140840
-0.151146
-0.162219
-0.174028
-0.186500
-0.199516
-0.212888
-0.226347
-0.239529
-0.251956
-0.263036
-0.272062
-0.278238
-0.280729
-0.278740
-0.271624
-0.259017
-0.240964
-0.218017
-0.191251
-0.162181
-0.132574
-0.104190
-0.078528
-0.056631
-0.039012
-0.025692
-0.016319
-0.010316
-0.007020
-0.005784
-0.006035
-0.007309
-0.009247
-0.011593
-0.014172
-0.016880
-0.019661
-0.022501
-0.025410
-0.028420
-0.031575
-0.034932
-0.038551
-0.042502
-0.046860
-0.051706
-0.057127
-0.063221
-0.070092
-0.077856
-0.086640
-0.096581
-0.107826
-0.120535
-0.134867
-0.150982
-0.169025
-0.189109
-0.211286
-0.235511
-0.261579
-0.289060
-0.317196
-0.344791
-0.370096
-0.390725
-0.403649
-0.405367
-0.392343
-0.361772
-0.312630
-0.246708
-0.169117
-0.087696
-0.011184
0.053209
0.101633
0.133947
0.152688
0.161514
0.163964
0.162841
0.160096
0.156960
0.154150
0.152040
0.150794
0.150453
0.150983
0.152311
0.154344
0.156974
0.160088
0.163567
0.167288
0.171123
0.174939
0.178598
0.181958
0.184874
0.187202
0.188805
0.189559
0.189357
0.188121
0.185810
0.182426
0.178017
0.172682
0.166567
0.159860
0.152777
0.145553
0.138423
0.131610
0.125309
0.119684
0.114856
0.110907
0.107881
0.105790
0.104622
0.104344
0.104914
0.106283
0.108402
0.111223
0.114703
0.118800
0.123478
0.128701
0.134432
0.140630
0.147247
0.154225
0.161489
0.168947
0.176482
