0.274795
0.185587
0.107509
0.031704
-0.030581
-0.091594
-0.143923
-0.198890
-0.235022
-0.273509
-0.301752
-0.326624
-0.350405
-0.365003
-0.387156
-0.409761
-0.425931
-0.432788
-0.417085
-0.377853
-0.316917
-0.242469
-0.163703
-0.088431
-0.021951
0.033353
0.077650
0.111639
0.137502
0.155274
0.167802
0.174530
0.175826
0.172617
0.166108
0.160960
0.162643
0.175328
0.200700
0.236242
0.275309
0.309021
0.330412
0.336992
0.330232
0.313264
0.289536
0.262171
0.233477
0.205805
0.181068
0.160545
0.144420
0.130775
0.115939
0.095434
0.065648
0.025800
-0.021406
-0.071284
-0.119293
-0.162056
-0.197367
-0.223846
-0.240761
-0.247848
-0.245399
-0.234385
-0.216395
-0.193383
-0.167005
-0.137852
-0.105051
-0.066542
-0.020486
0.032601
0.088939
0.143233
0.191317
0.231347
0.263494
0.289151
0.310250
0.328797
0.346533
0.364692
0.383863
0.403995
0.424542
0.444577
0.462643
0.476204
0.481072
0.472182
0.446261
0.403900
0.348773
0.285510
0.218234
0.150016
0.082865
0.017920
-0.044274
-0.103487
-0.159593
-0.212452
-0.261886
-0.307690
-0.349624
-0.387340
-0.420293
-0.447647
-0.468175
-0.480089
-0.480868
-0.467333
-0.436401
-0.386711
-0.320397
-0.243428
-0.163809
-0.088946
-0.023965
0.028554
0.067993
0.094947
0.110658
0.116700
0.114868
0.107187
0.095992
0.084061
0.074692
0.071604
0.078444
0.097855
0.130270
0.172674
0.218143
0.257800
0.285012
0.298076
0.299362
0.292994
0.283178
0.273442
0.266353
0.263395
0.264905
0.270067
0.276996
0.282863
0.283961
0.275869
0.254451
0.218072
0.169319
0.113833
0.057514
0.004771
-0.041799
-0.081160
-0.113497
-0.139894
-0.161971
-0.181494
-0.199961
-0.218276
-0.236542
-0.253982
-0.268871
-0.278430
-0.278797
-0.265580
-0.235475
-0.188473
-0.128690
-0.062633
0.003578
0.065820
0.122027
0.171538
0.214395
0.250891
0.281348
0.306089
0.325509
0.340222
0.351237
0.360140
0.369155
0.380841
0.397102
0.417601
0.438443
0.452685
0.453305
0.436481
0.402437
0.354109
0.295487
0.230588
0.162954
0.095465
0.030272
-0.031199
-0.088214
-0.140700
-0.189158
-0.234442
-0.277336
-0.318077
-0.356164
-0.390556
-0.419989
-0.443052
-0.457989
-0.462403
-0.453156
-0.426900
-0.381663
-0.318911
-0.244229
-0.165490
-0.090004
-0.022814
0.033403
0.077668
0.110037
0.131203
0.142330
0.144960
0.140962
0.132544
0.122340
0.113505
0.109694
0.114667
0.131373
0.160651
0.199918
0.242592
0.279758
0.304162
0.313269
0.308936
0.295237
0.276632
0.257039
0.239480
0.225944
0.217295
0.213189
0.212030
0.211012
0.206282
0.193397
0.168548
0.130601
0.082334
0.029156
-0.023390
-0.071100
-0.111344
-0.142853
-0.165489
-0.180076
-0.188178
-0.191778
-0.192865
-0.192981
-0.192811
-0.191854
-0.188206
-0.178524
-0.158544
-0.124750
-0.076894
-0.019123
0.041982
0.100628
0.153514
0.199673
0.239560
0.274200
0.304640
0.331697
0.355919
0.377663
0.397232
0.415027
0.431679
0.448021
0.464649
0.480770
0.492856
0.494944
0.481617
0.451009
0.404888
0.346850
0.280774
0.210121
0.137740
0.065879
-0.003765
-0.069990
-0.132039
-0.189541
-0.242446
-0.290928
-0.335225
-0.375426
-0.411316
-0.442359
-0.467737
-0.486272
-0.496183
-0.494812
-0.478624
-0.444062
-0.389694
-0.318586
-0.238365
-0.158227
-0.085582
-0.024699
0.022862
0.057242
0.079461
0.090952
0.093367
0.088542
0.078516
0.065636
0.052692
0.043045
0.040548
0.048997
0.071011
0.106613
0.152029
0.199739
0.241156
0.270681
0.287453
0.294037
0.294309
0.292074
0.290422
0.291474
0.296276
0.304786
0.315967
0.327946
0.338121
0.343052
0.338363
0.319617
0.284777
0.236222
0.179552
0.120660
0.063937
0.011928
-0.034400
-0.075261
-0.111644
-0.144896
-0.176318
-0.206836
-0.236820
-0.266040
-0.293712
-0.318482
-0.338299
-0.350257
-0.350668
-0.335751
-0.303131
-0.253507
-0.191020
-0.121724
-0.051464
0.015397
0.076133
0.129263
0.174102
0.210452
0.238465
0.258606
0.271672
0.278860
0.281890
0.283133
0.285610
0.292628
0.306867
0.329063
0.356726
0.383722
0.401880
0.404472
0.388964
0.356970
0.312432
0.259900
0.203557
0.146823
0.092240
0.041459
-0.004785
-0.046709
-0.085469
-0.122903
-0.160888
-0.200444
-0.241126
-0.281178
-0.318276
-0.350140
-0.374640
-0.389583
-0.392540
-0.381025
-0.353230
-0.309133
-0.251204
-0.183993
-0.112779
-0.042278
0.023914
0.083216
0.133752
0.174253
0.204194
0.223928
0.234625
0.238107
0.236712
0.233244
0.230904
0.233053
0.242662
0.261461
0.288922
0.321335
0.351713
0.371672
0.374974
0.360040
0.329540
0.288285
0.241351
0.193075
0.146715
0.104382
0.067041
0.034490
0.005364
-0.022677
-0.052431
-0.086235
-0.124913
-0.167218
-0.210305
-0.250829
-0.285737
-0.312413
-0.328530
-0.332013
-0.321362
-0.296225
-0.257823
-0.208810
-0.152558
-0.092312
-0.030678
0.030377
0.089116
0.143534
0.191307
0.230398
0.259826
0.279940
0.292216
0.298916
0.302818
0.306943
0.314167
0.326676
0.345334
0.369110
0.394695
0.416650
0.428489
0.424690
0.402720
0.363796
0.311971
0.252378
0.189790
0.127911
0.069196
0.014895
-0.034829
-0.080706
-0.124043
-0.166232
-0.208207
-0.250048
-0.290945
-0.329497
-0.364070
-0.392950
-0.414233
-0.425591
-0.424179
-0.407042
-0.372249
-0.320353
-0.254987
-0.181889
-0.107127
-0.035770
0.028522
0.083363
0.127413
0.160230
0.182173
0.194272
0.198093
0.195653
0.189430
0.182416
0.178083
0.180075
0.191480
0.213811
0.245889
0.282961
0.317007
0.339451
0.345105
0.333884
0.309381
0.276530
0.240053
0.203816
0.170635
0.142224
0.119111
0.100534
0.084406
0.067512
0.046117
0.017099
-0.020588
-0.065075
-0.112314
-0.157778
-0.197657
-0.229113
-0.250135
-0.259472
-0.256768
-0.242719
-0.219036
-0.188065
-0.152199
-0.113272
-0.072131
-0.028537
0.018382
0.068948
0.121554
0.172572
0.218066
0.255639
0.284966
0.307309
0.324819
0.339933
0.354887
0.371303
0.389895
0.410347
0.431379
0.450927
0.466298
0.474163
0.470615
0.451995
0.416700
0.366426
0.305347
0.238248
0.169196
0.101049
0.035477
-0.026810
-0.085729
-0.141471
-0.194207
-0.243927
-0.290414
-0.333317
-0.372212
-0.406593
-0.435776
-0.458723
-0.473821
-0.478670
-0.470068
-0.444603
-0.400200
-0.338065
-0.263395
-0.183885
-0.107155
-0.038886
0.017686
0.061386
0.092439
0.111884
0.121185
0.122048
0.116379
0.106359
0.094585
0.084206
0.078900
0.082489
0.098056
0.126758
0.166579
0.211570
0.252998
0.283158
0.298889
0.301653
0.295337
0.284282
0.272296
0.262288
0.256139
0.254605
0.257271
0.262568
0.267874
0.269618
0.263453
0.245028
0.211950
0.165814
0.111756
0.055806
0.002795
-0.044239
-0.083868
-0.115960
-0.141371
-0.161630
-0.178574
-0.193926
-0.208921
-0.224004
-0.238682
-0.251428
-0.259584
-0.259335
-0.246215
-0.216694
-0.170482
-0.111556
-0.046458
0.018614
0.079546
0.134390
0.182652
0.224554
0.260540
0.291032
0.316387
0.336964
0.353272
0.366151
0.376963
0.387672
0.400551
0.417189
0.436878
0.455361
0.465662
0.461321
0.439403
0.400820
0.348776
0.287239
0.220059
0.150586
0.081524
0.014889
-0.047973
-0.106358
-0.160153
-0.209746
-0.255821
-0.298987
-0.339386
-0.376546
-0.409559
-0.437302
-0.458440
-0.471186
-0.473012
-0.460590
-0.430491
-0.381025
-0.314424
-0.237196
-0.157756
-0.083385
-0.018735
0.034015
0.074343
0.102680
0.120004
0.127676
0.127359
0.121000
0.110870
0.099679
0.090685
0.087640
0.094319
0.113499
0.145581
0.187320
0.231544
0.269366
0.294309
0.304750
0.303029
0.293249
0.279659
0.265884
0.254623
0.247524
0.245102
0.246687
0.250444
0.253448
0.251795
0.240953
0.216990
0.178802
0.129427
0.074558
0.019875
-0.030435
-0.073886
-0.109443
-0.137243
-0.158329
-0.174356
-0.187218
-0.198633
-0.209757
-0.220884
-0.231259
-0.238941
-0.240716
-0.232293
-0.209379
-0.169885
-0.115913
-0.053284
0.011287
0.072737
0.128409
0.177512
0.220270
0.257281
0.289149
0.316356
0.339280
0.358309
0.374005
0.387303
0.399662
0.412969
0.428855
0.447252
0.464861
0.475294
0.471927
0.451267
0.413773
0.362426
0.301090
0.233563
0.163176
0.092655
0.024083
-0.041080
-0.101965
-0.158246
-0.210065
-0.257892
-0.302254
-0.343386
-0.381020
-0.414454
-0.442730
-0.464659
-0.478621
-0.482256
-0.472331
-0.445234
-0.398649
-0.333953
-0.257164
-0.176907
-0.101092
-0.034952
0.019014
0.060212
0.089122
0.106798
0.114646
0.114337
0.107788
0.097211
0.085221
0.074973
0.070161
0.074658
0.091576
0.121914
0.163208
0.208970
0.250391
0.280341
0.296323
0.300062
0.295380
0.286446
0.276895
0.269471
0.265881
0.266714
0.271420
0.278363
0.284911
0.287499
0.281728
0.263187
0.229569
0.182714
0.127917
0.071176
0.017201
-0.031092
-0.072385
-0.106630
-0.134729
-0.158190
-0.178746
-0.197955
-0.216848
-0.235704
-0.253936
-0.270030
-0.281437
-0.284510
-0.274884
-0.248838
-0.205462
-0.147970
-0.082545
-0.015612
0.048148
0.106186
0.157536
0.202096
0.240107
0.271888
0.297758
0.318094
0.333464
0.344797
0.353568
0.361913
0.372434
0.387385
0.407200
0.428973
0.446340
0.451862
0.440568
0.411619
0.367384
0.311714
0.248700
0.182059
0.114866
0.049472
-0.012504
-0.070159
-0.123272
-0.172244
-0.217918
-0.261188
-0.302490
-0.341491
-0.377212
-0.408378
-0.433587
-0.451188
-0.458985
-0.454052
-0.433041
-0.393442
-0.335604
-0.263965
-0.185906
-0.109024
-0.039023
0.020780
0.068941
0.105199
0.130026
0.144416
0.149785
0.147903
0.140879
0.131215
0.121914
0.116502
0.118753
0.131935
0.157596
0.194218
0.236308
0.275268
0.302924
0.315273
0.313128
0.300194
0.280998
0.259709
0.239658
0.223173
0.211482
0.204625
0.201381
0.199276
0.194714
0.183360
0.161138
0.126119
0.080119
0.028051
-0.024456
-0.072853
-0.114131
-0.146663
-0.169973
-0.184591
-0.191870
-0.193721
-0.192212
-0.189116
-0.185460
-0.181139
-0.174654
-0.163019
-0.142188
-0.108572
-0.061544
-0.004832
0.055170
0.112646
0.164240
0.209001
0.247477
0.280828
0.310236
0.336622
0.360587
0.382486
0.402569
0.421129
0.438611
0.455567
0.472220
0.487382
0.497259
0.495985
0.478704
0.444284
0.395024
0.334743
0.267308
0.196042
0.123602
0.052042
-0.017109
-0.082772
-0.144265
-0.201247
-0.253655
-0.301617
-0.345307
-0.384758
-0.419729
-0.449670
-0.473732
-0.490649
-0.498490
-0.494412
-0.474782
-0.436272
-0.378171
-0.304518
-0.223533
-0.144312
-0.073729
-0.015488
0.029263
0.060918
0.080636
0.089936
0.090525
0.084283
0.073307
0.060021
0.047325
0.038693
0.038024
0.048980
0.073790
0.111828
0.158543
0.205934
0.245705
0.273157
0.288256
0.293960
0.294192
0.292626
0.292146
0.294632
0.300884
0.310630
0.322649
0.334947
0.344825
0.348716
0.342142
0.320849
0.283456
0.233060
0.175504
0.116493
0.060085
0.008514
-0.037498
-0.078328
-0.115040
-0.148960
-0.181284
-0.212786
-0.243678
-0.273606
-0.301701
-0.326543
-0.346022
-0.357177
-0.356322
-0.339797
-0.305495
-0.254432
-0.190942
-0.121085
-0.050600
0.016239
0.076740
0.129416
0.173565
0.209000
0.235914
0.254840
0.266661
0.272675
0.274714
0.275263
0.277438
0.284576
0.299296
0.322190
0.350589
0.378203
0.396788
0.399669
0.384452
0.352896
0.309044
0.257483
0.202388
0.147145
0.094248
0.045282
0.000897
-0.039243
-0.076445
-0.112696
-0.149974
-0.189311
-0.230167
-0.270635
-0.308235
-0.340570
-0.365440
-0.380632
-0.383765
-0.372481
-0.345163
-0.301943
-0.245282
-0.179518
-0.109611
-0.039987
0.025934
0.085603
0.137048
0.178814
0.210173
0.231325
0.243354
0.248053
0.247755
0.245263
0.243754
0.246523
0.256436
0.275114
0.301960
0.333305
0.362331
0.380842
0.382639
0.366028
0.333564
0.290038
0.240580
0.189595
0.140394
0.095125
0.054783
0.019217
-0.012843
-0.043571
-0.075530
-0.110797
-0.150026
-0.192009
-0.234143
-0.273383
-0.306901
-0.332186
-0.346872
-0.348722
-0.335990
-0.308116
-0.266285
-0.213350
-0.153054
-0.089077
-0.024466
0.038395
0.097425
0.150506
0.195560
0.231084
0.256658
0.273030
0.281893
0.285624
0.287089
0.289420
0.295631
0.308025
0.327485
0.352778
0.380077
0.403173
0.414953
0.409960
0.386486
0.346745
0.295358
0.237521
0.177787
0.119575
0.065074
0.015295
-0.029848
-0.071374
-0.110923
-0.150209
-0.190360
-0.231423
-0.272317
-0.311234
-0.346140
-0.374997
-0.395667
-0.405697
-0.402319
-0.382982
-0.346481
-0.294080
-0.229648
-0.158521
-0.085996
-0.016414
0.047010
0.101980
0.146960
0.181192
0.204754
0.218518
0.224012
0.223307
0.218976
0.214094
0.212125
0.216518
0.229947
0.253326
0.284795
0.319035
0.347914
0.363377
0.361054
0.341515
0.308722
0.267775
0.223449
0.179580
0.138907
0.103028
0.072364
0.046083
0.022139
-0.002420
-0.030714
-0.064896
-0.105048
-0.148944
-0.192987
-0.233487
-0.267317
-0.291926
-0.305196
-0.305517
-0.292145
-0.265609
-0.227791
-0.181482
-0.129630
-0.074677
-0.018273
0.038526
0.094619
0.148144
0.196425
0.236902
0.268218
0.290580
0.305469
0.315198
0.322529
0.330301
0.340980
0.356146
0.376003
0.399036
0.421919
0.439846
0.447386
0.439846
0.414817
0.373155
0.318556
0.255997
0.190217
0.124900
0.062460
0.004106
-0.049978
-0.100370
-0.148031
-0.193868
-0.238341
-0.281286
-0.321995
-0.359439
-0.392441
-0.419676
-0.439483
-0.449616
-0.447128
-0.428765
-0.392204
-0.337781
-0.269376
-0.193405
-0.116721
-0.044966
0.018011
0.070029
0.110223
0.138719
0.156352
0.164459
0.164749
0.159276
0.150508
0.141431
0.135570
0.136698
0.148098
0.171466
0.205722
0.246065
0.284311
0.311815
0.323549
0.319613
0.303584
0.280197
0.253914
0.228358
0.206144
0.188791
0.176625
0.168667
0.162608
0.154965
0.141536
0.118411
0.083670
0.038837
-0.011568
-0.062145
-0.108371
-0.147119
-0.176531
-0.195834
-0.205257
-0.205950
-0.199779
-0.188943
-0.175480
-0.160750
-0.144983
-0.126967
-0.104052
-0.072840
-0.031008
0.020418
0.076703
0.131911
0.181735
0.224458
0.260383
0.290878
0.317581
0.341911
0.364823
0.386785
0.407901
0.428093
0.447229
0.465109
0.481145
0.493629
0.498886
0.491746
0.468224
0.427998
0.374022
0.310517
0.241456
0.169985
0.098399
0.028312
-0.039143
-0.103173
-0.163238
-0.219014
-0.270358
-0.317258
-0.359742
-0.397755
-0.431025
-0.458976
-0.480649
-0.494548
-0.498404
-0.489056
-0.462876
-0.417292
-0.353160
-0.276093
-0.194867
-0.118002
-0.051345
0.002304
0.042392
0.069653
0.085446
0.091398
0.089292
0.081080
0.068963
0.055529
0.043893
0.037718
0.040895
0.056683
0.086433
0.128232
0.176161
0.221631
0.257233
0.279973
0.291161
0.294327
0.293418
0.291866
0.292214
0.295957
0.303501
0.314208
0.326550
0.338278
0.346409
0.347031
0.335535
0.308372
0.265745
0.212071
0.153442
0.095063
0.040316
-0.009157
-0.053084
-0.092146
-0.127555
-0.160640
-0.192478
-0.223651
-0.254161
-0.283463
-0.310495
-0.333605
-0.350380
-0.357547
-0.351292
-0.328313
-0.287518
-0.231244
-0.164717
-0.094084
-0.024603
0.040076
0.097772
0.147338
0.188288
0.220581
0.244535
0.260802
0.270402
0.274805
0.276067
0.276920
0.280629
0.290394
0.308236
0.333645
0.362550
0.387606
0.400728
0.396680
0.374790
0.337913
0.290452
0.236913
0.181198
0.126364
0.074566
0.027049
-0.015896
-0.054968
-0.091766
-0.128357
-0.166455
-0.206530
-0.247468
-0.287065
-0.322846
-0.352516
-0.373907
-0.384744
-0.382593
-0.365244
-0.331604
-0.282662
-0.221727
-0.153577
-0.083122
-0.014458
0.049346
0.105992
0.153714
0.191332
0.218493
0.235770
0.244553
0.246856
0.245201
0.242551
0.242179
0.247310
0.260460
0.282532
0.311840
0.343422
0.369571
0.382413
0.377322
0.354423
0.317406
0.271373
0.221245
0.171020
0.123556
0.080555
0.042567
0.008993
-0.021840
-0.052366
-0.085118
-0.121761
-0.162253
-0.204735
-0.246278
-0.283835
-0.314684
-0.336382
-0.346608
-0.343277
-0.325049
-0.292012
-0.246038
-0.190393
-0.128835
-0.064771
-0.000906
0.060596
0.117697
0.168242
0.210238
0.242475
0.264926
0.278692
0.285735
0.288627
0.290358
0.294052
0.302511
0.317565
0.339368
0.365770
0.392038
0.411470
0.417317
0.405337
0.375284
0.330414
0.275724
0.216278
0.156264
0.098663
0.045239
-0.003399
-0.047681
-0.088870
-0.128655
-0.168559
-0.209314
-0.250530
-0.290839
-0.328362
-0.361114
-0.387085
-0.404061
-0.409447
-0.400420
-0.374705
-0.331843
-0.274100
-0.206120
-0.133484
-0.061305
0.006433
0.066856
0.117982
0.158615
0.188371
0.207690
0.217733
0.220251
0.217498
0.212232
0.207700
0.207443
0.214767
0.231860
0.258769
0.292417
0.326241
0.351646
0.361545
0.353423
0.329378
0.294019
0.252425
0.209042
0.167293
0.129490
0.096800
0.069173
0.045291
0.022667
-0.001904
-0.031443
-0.067545
-0.109441
-0.154185
-0.197898
-0.236954
-0.268397
-0.289849
-0.299408
-0.295817
-0.278841
-0.249555
-0.210205
-0.163631
-0.112529
-0.058908
-0.003961
0.051575
0.106633
0.159117
0.206116
0.245105
0.274985
0.296263
0.310650
0.320595
0.328875
0.338198
0.350723
0.367580
0.388460
0.411396
0.432813
0.447957
0.451734
0.439958
0.410796
0.365634
0.308478
0.244321
0.177710
0.112061
0.049513
-0.008962
-0.063343
-0.114255
-0.162571
-0.208995
-0.253762
-0.296552
-0.336627
-0.373021
-0.404646
-0.430216
-0.448026
-0.455714
-0.450199
-0.428217
-0.387736
-0.329710
-0.258694
-0.181517
-0.105078
-0.034815
0.025743
0.074767
0.111734
0.137052
0.151766
0.157349
0.155598
0.148640
0.139031
0.129860
0.124745
0.127462
0.141122
0.167024
0.203465
0.244914
0.282779
0.308834
0.319067
0.314439
0.298874
0.277070
0.253285
0.230896
0.212254
0.198602
0.189966
0.185066
0.181328
0.175070
0.161978
0.138193
0.102128
0.055848
0.004293
-0.047023
-0.093675
-0.132732
-0.162583
-0.182741
-0.193725
-0.196911
-0.194274
-0.187977
-0.179884
-0.171078
-0.161448
-0.149424
-0.131976
-0.105263
-0.066444
-0.016105
0.041103
0.098870
0.152281
0.199037
0.238995
0.273198
0.303054
0.329823
0.354397
0.377277
0.398697
0.418775
0.437653
0.455527
0.472446
0.487645
0.498441
0.499838
0.486517
0.456059
0.409889
0.351663
0.285441
0.214762
0.142416
0.070512
0.000609
-0.066169
-0.129058
-0.187600
-0.241602
-0.291065
-0.336091
-0.376745
-0.412902
-0.444151
-0.469764
-0.488616
-0.498967
-0.498219
-0.482895
-0.449430
-0.396192
-0.325879
-0.245842
-0.165313
-0.091975
-0.030380
0.017742
0.052490
0.074914
0.086499
0.088933
0.084058
0.073907
0.060809
0.047530
0.037399
0.034242
0.041874
0.063026
0.097956
0.143210
0.191516
0.234246
0.265506
0.284133
0.292514
0.294458
0.293751
0.293482
0.295774
0.301678
0.311168
0.323244
0.336113
0.347308
0.353570
0.350659
0.334026
0.301171
0.253942
0.197711
0.138442
0.080705
0.027209
-0.020946
-0.063874
-0.102473
-0.138006
-0.171686
-0.204369
-0.236375
-0.267476
-0.296944
-0.323559
-0.345487
-0.360098
-0.363959
-0.353322
-0.325371
-0.279897
-0.220105
-0.151625
-0.080480
-0.011568
0.051799
0.107663
0.155010
0.193457
0.223073
0.244306
0.257958
0.265219
0.267767
0.267891
0.268549
0.273110
0.284628
0.304645
0.331890
0.361443
0.385451
0.396095
0.389055
0.364600
0.326138
0.278234
0.225321
0.171127
0.118497
0.069362
0.024715
-0.015444
-0.052141
-0.087270
-0.123042
-0.161063
-0.201464
-0.242728
-0.282369
-0.317781
-0.346607
-0.366635
-0.375582
-0.371120
-0.351349
-0.315688
-0.265625
-0.204677
-0.137429
-0.068349
-0.001083
0.061589
0.117446
0.164658
0.201943
0.228896
0.246110
0.255031
0.257753
0.256877
0.255417
0.256618
0.263534
0.278343
0.301461
0.330655
0.360546
0.383408
0.391863
0.382016
0.354573
0.313518
0.264022
0.210949
0.158176
0.108409
0.063187
0.022904
-0.013155
-0.046682
-0.079962
-0.115175
-0.153515
-0.194563
-0.236385
-0.276284
-0.311538
-0.339656
-0.358254
-0.364925
-0.357436
-0.334379
-0.295997
-0.244552
-0.183817
-0.118009
-0.050904
0.014490
0.075745
0.130699
0.177390
0.214385
0.241192
0.258391
0.267476
0.270636
0.270600
0.270491
0.273550
0.282610
0.299360
0.323543
0.352242
0.379681
0.398312
0.401468
0.386090
0.353469
0.307858
0.254473
0.198107
0.142507
0.090218
0.042603
-0.000120
-0.038802
-0.075151
-0.111257
-0.148876
-0.188683
-0.229915
-0.270655
-0.308505
-0.341083
-0.366098
-0.381174
-0.383754
-0.371415
-0.342717
-0.298205
-0.240748
-0.174812
-0.105173
-0.035963
0.029593
0.088987
0.140194
0.181714
0.212809
0.233675
0.245397
0.249769
0.249165
0.246464
0.244943
0.247967
0.258373
0.277617
0.304858
0.336198
0.364718
0.382292
0.382920
0.365119
0.331594
0.287212
0.237110
0.185681
0.136211
0.090821
0.050470
0.014941
-0.017113
-0.047942
-0.080123
-0.115661
-0.155078
-0.197062
-0.238977
-0.277809
-0.310767
-0.335348
-0.349167
-0.349962
-0.335992
-0.306767
-0.263611
-0.209534
-0.148387
-0.083891
-0.019080
0.043675
0.102300
0.154687
0.198823
0.233315
0.257865
0.273317
0.281426
0.284613
0.285783
0.288093
0.294557
0.307427
0.327459
0.353215
0.380606
0.403202
0.413870
0.407407
0.382503
0.341691
0.289725
0.231780
0.172316
0.114642
0.060845
0.011835
-0.032564
-0.073458
-0.112550
-0.151574
-0.191616
-0.232635
-0.273445
-0.312165
-0.346717
-0.375035
-0.394941
-0.403946
-0.399282
-0.378496
-0.340595
-0.287112
-0.222093
-0.150884
-0.078665
-0.009621
0.053151
0.107429
0.151716
0.185283
0.208244
0.221505
0.226636
0.225748
0.221458
0.216884
0.215502
0.220712
0.235051
0.259204
0.291002
0.324819
0.352411
0.365946
0.361504
0.340041
0.305698
0.263602
0.218470
0.174059
0.133010
0.096829
0.065833
0.039095
0.014498
-0.010918
-0.040176
-0.075215
-0.115870
-0.159763
-0.203311
-0.242929
-0.275593
-0.298803
-0.310453
-0.308941
-0.293566
-0.264956
-0.225117
-0.176946
-0.123451
-0.067101
-0.009591
0.047915
0.104131
0.157028
0.203950
0.242581
0.271894
0.292367
0.305654
0.314166
0.320721
0.328180
0.338979
0.354601
0.375070
0.398593
0.421489
0.438600
0.444326
0.434173
0.406311
0.362276
0.306192
0.243112
0.177628
0.113201
0.052026
-0.004887
-0.057525
-0.106603
-0.153176
-0.198177
-0.242029
-0.284478
-0.324709
-0.361589
-0.393851
-0.420067
-0.438450
-0.446611
-0.441508
-0.419985
-0.380150
-0.323028
-0.253068
-0.176834
-0.100924
-0.030576
0.030715
0.081003
0.119556
0.146566
0.162915
0.169979
0.169513
0.163641
0.154922
0.146454
0.141836
0.144800
0.158391
0.183838
0.219391
0.259512
0.295631
0.319509
0.327072
0.319255
0.300034
0.274208
0.246149
0.219333
0.196208
0.178111
0.165163
0.156160
0.148572
0.138753
0.122513
0.096301
0.058930
0.012673
-0.037668
-0.086889
-0.130827
-0.166652
-0.192699
-0.208322
-0.213859
-0.210565
-0.200390
-0.185570
-0.168102
-0.149225
-0.128974
-0.105932
-0.077398
-0.040415
0.006152
0.059818
0.115240
0.167109
0.212322
0.250218
0.281763
0.308651
0.332622
0.355051
0.376760
0.398037
0.418787
0.438718
0.457439
0.474330
0.488055
0.495776
0.492906
0.474826
0.439776
0.389733
0.328776
0.261190
0.190502
0.119273
0.049242
-0.018442
-0.083001
-0.143892
-0.200746
-0.253339
-0.301573
-0.345421
-0.384831
-0.419603
-0.449265
-0.472980
-0.489415
-0.496525
-0.491392
-0.470457
-0.430693
-0.371788
-0.297946
-0.217198
-0.138360
-0.068169
-0.010322
0.034006
0.065213
0.084502
0.093436
0.093752
0.087341
0.076318
0.063146
0.050782
0.042748
0.042918
0.054825
0.080489
0.119060
0.165776
0.212499
0.250998
0.276832
0.290261
0.294433
0.293350
0.290687
0.289302
0.291042
0.296664
0.305841
0.317283
0.328899
0.337871
0.340507
0.332286
0.309154
0.270169
0.218826
0.161095
0.102583
0.047182
-0.003029
-0.047453
-0.086569
-0.121520
-0.153700
-0.184357
-0.214299
-0.243739
-0.272294
-0.299021
-0.322377
-0.340064
-0.348901
-0.345038
-0.324904
-0.286905
-0.232856
-0.167732
-0.097738
-0.028323
0.036704
0.095087
0.145663
0.187936
0.221827
0.247573
0.265719
0.277151
0.283189
0.285712
0.287280
0.291042
0.300213
0.317002
0.341225
0.369188
0.393820
0.407037
0.403330
0.381662
0.344614
0.296464
0.241702
0.184286
0.127356
0.073174
0.023107
-0.022391
-0.063813
-0.102531
-0.140428
-0.179149
-0.219259
-0.259852
-0.298957
-0.334285
-0.363664
-0.384996
-0.396015
-0.394194
-0.377099
-0.343328
-0.293632
-0.231345
-0.161558
-0.089618
-0.019989
0.044068
0.100258
0.146972
0.183264
0.208984
0.224836
0.232260
0.233269
0.230365
0.226504
0.225000
0.229192
0.241782
0.263889
0.293994
0.327164
0.355522
0.370946
0.368667
0.348795
0.315016
0.272391
0.225781
0.179144
0.135325
0.096031
0.061814
0.032038
0.004918
-0.022207
-0.052212
-0.087141
-0.127181
-0.170384
-0.213484
-0.253047
-0.286094
-0.310102
-0.322856
-0.322517
-0.308020
-0.279598
-0.238996
-0.189103
-0.133161
-0.074037
-0.013893
0.045658
0.103016
0.156100
0.202451
0.240044
0.268071
0.287113
0.298843
0.305672
0.310444
0.316127
0.325365
0.339925
0.360110
0.384287
0.408671
0.427688
0.435192
0.426382
0.399525
0.356457
0.301521
0.239839
0.175989
0.113405
0.054266
-0.000436
-0.050738
-0.097469
-0.141877
-0.185137
-0.227868
-0.269883
-0.310265
-0.347673
-0.380608
-0.407455
-0.426310
-0.434738
-0.429760
-0.408404
-0.369034
-0.312833
-0.244151
-0.169200
-0.094168
-0.024002
0.037890
0.089452
0.129715
0.158615
0.176830
0.185614
0.186680
0.182152
0.174611
0.167169
0.163403
0.166965
0.180765
0.205881
0.240430
0.278810
0.312481
0.333274
0.337161
0.325119
0.301214
0.270360
0.237043
0.204830
0.176244
0.152689
0.134359
0.120119
0.107512
0.093004
0.072663
0.043405
0.004556
-0.041417
-0.089965
-0.136342
-0.176740
-0.208463
-0.229760
-0.239755
-0.238530
-0.227166
-0.207579
-0.182093
-0.152868
-0.121340
-0.087810
-0.051318
-0.010109
0.037024
0.088979
0.141918
0.191135
0.233376
0.267679
0.294912
0.316962
0.336036
0.354130
0.372661
0.392262
0.412772
0.433378
0.452806
0.469381
0.480803
0.483740
0.474006
0.448225
0.406056
0.350486
0.286091
0.217273
0.147416
0.078742
0.012492
-0.050762
-0.110801
-0.167508
-0.220734
-0.270278
-0.315912
-0.357409
-0.394497
-0.426766
-0.453519
-0.473605
-0.485223
-0.485737
-0.471774
-0.440052
-0.389178
-0.321552
-0.243592
-0.163634
-0.089146
-0.025095
0.026164
0.064221
0.089830
0.104335
0.109366
0.106721
0.098395
0.086687
0.074352
0.064711
0.061549
0.068595
0.088524
0.121694
0.164931
0.211175
0.251595
0.279784
0.294236
0.297363
0.293212
0.285864
0.278715
0.274208
0.273721
0.277505
0.284698
0.293420
0.300906
0.303519
0.296846
0.276622
0.241012
0.192471
0.136625
0.079417
0.025295
-0.023130
-0.064834
-0.100010
-0.129719
-0.155511
-0.179025
-0.201601
-0.223985
-0.246177
-0.267394
-0.286035
-0.299566
-0.304431
-0.296387
-0.271773
-0.229556
-0.172660
-0.107007
-0.038985
0.026530
0.086669
0.140129
0.186520
0.225865
0.258349
0.284237
0.303935
0.318099
0.327786
0.334628
0.340938
0.349546
0.363067
0.382527
0.405839
0.427256
0.439075
0.435119
0.413214
0.374942
0.323961
0.264508
0.200564
0.135481
0.071847
0.011462
-0.044649
-0.096222
-0.143710
-0.188123
-0.230617
-0.271895
-0.311758
-0.349165
-0.382652
-0.410653
-0.431483
-0.443069
-0.442729
-0.427309
-0.394125
-0.342698
-0.276165
-0.200827
-0.123937
-0.051523
0.012466
0.065922
0.107987
0.138633
0.158468
0.168638
0.170743
0.166771
0.159105
0.150605
0.144632
0.144877
0.154740
0.176279
0.208906
0.248293
0.286511
0.314781
0.327562
0.324358
0.308360
0.284187
0.256364
0.228654
0.203829
0.183589
0.168470
0.157743
0.149364
0.140079
0.125823
0.102677
0.068517
0.024525
-0.025087
-0.075081
-0.120958
-0.159528
-0.188793
-0.207779
-0.216475
-0.215804
-0.207469
-0.193610
-0.176323
-0.157133
-0.136522
-0.113597
-0.086076
-0.051002
-0.006559
0.045826
0.101386
0.154553
0.201551
0.241118
0.273883
0.301437
0.325595
0.347908
0.369410
0.390568
0.411393
0.431620
0.450847
0.468494
0.483427
0.493225
0.493664
0.479862
0.449138
0.402628
0.344116
0.277992
0.208032
0.137039
0.066916
-0.001093
-0.066173
-0.127763
-0.185471
-0.239043
-0.288341
-0.333311
-0.373899
-0.409938
-0.441018
-0.466391
-0.484855
-0.494557
-0.492803
-0.476148
-0.441299
-0.387078
-0.316487
-0.236757
-0.156755
-0.083883
-0.022611
0.025305
0.059917
0.082260
0.093819
0.096288
0.091517
0.081557
0.068775
0.055996
0.046608
0.044432
0.053167
0.075318
0.110868
0.156073
0.203433
0.244307
0.273059
0.288882
0.294444
0.293703
0.290510
0.287975
0.288232
0.292334
0.300234
0.310867
0.322311
0.331901
0.336137
0.330636
0.311041
0.275487
0.226515
0.169806
0.111245
0.055173
0.004074
-0.041140
-0.080734
-0.115749
-0.147587
-0.177607
-0.206785
-0.235521
-0.263590
-0.290174
-0.313847
-0.332446
-0.342917
-0.341441
-0.324244
-0.289236
-0.237634
-0.174043
-0.104664
-0.035165
0.030411
0.089658
0.141341
0.184928
0.220305
0.247654
0.267435
0.280433
0.287839
0.291382
0.293461
0.297106
0.305544
0.321190
0.344261
0.371552
0.396357
0.410578
0.408294
0.387948
0.351764
0.303870
0.248752
0.190440
0.132182
0.076358
0.024469
-0.022874
-0.065981
-0.106035
-0.144783
-0.183864
-0.223974
-0.264425
-0.303433
-0.338827
-0.368505
-0.390420
-0.402341
-0.401714
-0.385956
-0.353366
-0.304357
-0.242084
-0.171735
-0.098949
-0.028499
0.036158
0.092673
0.139489
0.175744
0.201348
0.217022
0.224188
0.224822
0.221380
0.216779
0.214328
0.217445
0.229009
0.250420
0.280494
0.314589
0.344916
0.363109
0.363976
0.347258
0.316435
0.276497
0.232312
0.187888
0.146143
0.108869
0.076705
0.049083
0.024238
-0.000568
-0.028428
-0.061733
-0.101007
-0.144436
-0.188615
-0.229845
-0.264929
-0.291253
-0.306638
-0.309349
-0.298416
-0.274064
-0.237890
-0.192536
-0.140976
-0.085817
-0.028935
0.028436
0.085149
0.139434
0.188713
0.230384
0.262918
0.286327
0.301936
0.311959
0.319108
0.326249
0.335973
0.350090
0.369122
0.391901
0.415400
0.434944
0.444998
0.440533
0.418652
0.379727
0.327150
0.265845
0.200665
0.135483
0.072911
0.014335
-0.039922
-0.090357
-0.137932
-0.183636
-0.228067
-0.271182
-0.312339
-0.350506
-0.384478
-0.412918
-0.434207
-0.446196
-0.446052
-0.430542
-0.397130
-0.345659
-0.279434
-0.204517
-0.127733
-0.054917
0.009808
0.063987
0.106513
0.137311
0.157068
0.167021
0.168809
0.164425
0.156266
0.147233
0.140771
0.140638
0.150239
0.171584
0.204100
0.243619
0.282385
0.311541
0.325256
0.322843
0.307495
0.283911
0.256683
0.229615
0.205514
0.186107
0.171942
0.162277
0.155027
0.146891
0.133762
0.111655
0.078314
0.034752
-0.014884
-0.065268
-0.111753
-0.151033
-0.181058
-0.200850
-0.210428
-0.210760
-0.203601
-0.191137
-0.175496
-0.158220
-0.139789
-0.119279
-0.094335
-0.061798
-0.019434
0.031843
0.087512
0.141802
0.190505
0.231972
0.266575
0.295765
0.321284
0.344652
0.366897
0.388508
0.409547
0.429830
0.449079
0.466895
0.482441
0.493720
0.496875
0.486873
0.460237
0.417228
0.361164
0.296380
0.226805
0.155457
0.084464
0.015269
-0.051150
-0.114114
-0.173155
-0.227978
-0.278438
-0.324500
-0.366153
-0.403297
-0.435609
-0.462448
-0.482758
-0.494891
-0.496387
-0.483934
-0.453997
-0.404557
-0.337409
-0.258948
-0.178073
-0.102852
-0.038519
0.012605
0.050255
0.075311
0.089196
0.093570
0.090245
0.081209
0.068730
0.055498
0.044747
0.040225
0.045766
0.064336
0.096716
0.140209
0.188157
0.231836
0.264539
0.284248
0.292925
0.294327
0.292376
0.290372
0.290676
0.294593
0.302330
0.313061
0.325089
0.335991
0.342564
0.340671
0.325735
0.294851
0.249260
0.194030
0.135233
0.077713
0.024455
-0.023232
-0.065320
-0.102655
-0.136540
-0.168323
-0.199040
-0.229196
-0.258697
-0.286887
-0.312558
-0.333852
-0.348089
-0.351743
-0.340944
-0.312804
-0.267154
-0.207362
-0.139208
-0.068739
-0.000730
0.061714
0.116846
0.163809
0.202296
0.232375
0.254431
0.269176
0.277700
0.281580
0.283017
0.284887
0.290486
0.302763
0.323066
0.349795
0.377673
0.398760
0.405628
0.394587
0.366352
0.324475
0.273474
0.217684
0.160733
0.105386
0.053516
0.006091
-0.036868
-0.076293
-0.113894
-0.151617
-0.190772
-0.231295
-0.271701
-0.309739
-0.343091
-0.369605
-0.387125
-0.393283
-0.385555
-0.361866
-0.321648
-0.266747
-0.201306
-0.130571
-0.059492
0.008048
0.069245
0.122072
0.165108
0.197630
0.219775
0.232528
0.237566
0.237106
0.233840
0.230885
0.231602
0.239130
0.255600
0.281141
0.312890
0.344584
0.367880
0.375680
0.365183
0.338176
0.299150
0.253239
0.205013
0.158006
0.114614
0.076086
0.042508
0.012795
-0.015189
-0.044205
-0.076812
-0.114300
-0.155929
-0.199153
-0.240644
-0.277233
-0.306206
-0.325176
-0.331994
-0.324976
-0.303436
-0.268195
-0.221602
-0.166924
-0.107495
-0.046089
0.015207
0.074660
0.130370
0.180055
0.221517
0.253449
0.275865
0.289985
0.297902
0.302286
0.306126
0.312377
0.323447
0.340587
0.363282
0.388813
0.412227
0.427156
0.427635
0.410239
0.375258
0.326173
0.268006
0.205714
0.143305
0.083552
0.027999
-0.022928
-0.069757
-0.113682
-0.156119
-0.198156
-0.240103
-0.281357
-0.320636
-0.356346
-0.386805
-0.410182
-0.424279
-0.426367
-0.413437
-0.383148
-0.335307
-0.272800
-0.201006
-0.126084
-0.053442
0.012899
0.070254
0.117045
0.152621
0.177159
0.191541
0.197211
0.196078
0.190497
0.183327
0.177934
0.177972
0.186764
0.206330
0.236277
0.272798
0.308545
0.334697
0.344909
0.337846
0.316402
0.285358
0.249575
0.213160
0.179198
0.149684
0.125453
0.106076
0.089788
0.073614
0.053856
0.027086
-0.008410
-0.051505
-0.098541
-0.144943
-0.186651
-0.220582
-0.244531
-0.257059
-0.257576
-0.246517
-0.225362
-0.196345
-0.161899
-0.124036
-0.083865
-0.041379
0.004258
0.053712
0.106007
0.157938
0.205398
0.245424
0.277126
0.301396
0.320197
0.335931
0.350918
0.366965
0.385036
0.405091
0.426113
0.446265
0.463073
0.473438
0.473608
0.459685
0.429245
0.382998
0.324574
0.258752
0.189883
0.121185
0.054655
-0.008747
-0.068782
-0.125578
-0.179316
-0.230033
-0.277563
-0.321588
-0.361713
-0.397474
-0.428263
-0.453175
-0.470797
-0.478983
-0.474746
-0.454618
-0.415907
-0.358663
-0.286949
-0.207989
-0.129699
-0.058468
0.001750
0.049242
0.083898
0.106575
0.118648
0.121762
0.117762
0.108734
0.097136
0.085940
0.078688
0.079227
0.090981
0.115820
0.152801
0.197158
0.240691
0.274921
0.295154
0.301654
0.297825
0.288009
0.276219
0.265647
0.258479
0.255808
0.257565
0.262513
0.268338
0.271753
0.268616
0.254420
0.225904
0.183334
0.131001
0.074959
0.020533
-0.028696
-0.070847
-0.105434
-0.133048
-0.155052
-0.173223
-0.189352
-0.204837
-0.220369
-0.235740
-0.249746
-0.260100
-0.263350
-0.255133
-0.231374
-0.190493
-0.135104
-0.071208
-0.005393
0.057442
0.114664
0.165353
0.209534
0.247590
0.279947
0.306972
0.329008
0.346505
0.360186
0.371246
0.381489
0.393193
0.408388
0.427388
0.447244
0.461657
0.463508
0.448356
0.415820
0.368468
0.310135
0.244791
0.176008
0.106744
0.039273
-0.024819
-0.084609
-0.139790
-0.190605
-0.237692
-0.281757
-0.323153
-0.361610
-0.396325
-0.426216
-0.450026
-0.466159
-0.472380
-0.465633
-0.442390
-0.400078
-0.339319
-0.265182
-0.185714
-0.108842
-0.040211
0.017167
0.062236
0.095110
0.116569
0.127828
0.130435
0.126226
0.117345
0.106327
0.096223
0.090628
0.093393
0.107795
0.135259
0.173977
0.218109
0.258949
0.288676
0.303836
0.305570
0.297593
0.284249
0.269462
0.256308
0.246852
0.242050
0.241685
0.244345
0.247483
0.247513
0.240045
0.220737
0.187267
0.141256
0.087762
0.032701
-0.019159
-0.064754
-0.102559
-0.132308
-0.154739
-0.171326
-0.183935
-0.194427
-0.204241
-0.214045
-0.223497
-0.231079
-0.233988
-0.228201
-0.209238
-0.174123
-0.123693
-0.062968
0.001260
0.063347
0.120057
0.170249
0.214027
0.252000
0.284844
0.313110
0.337211
0.357513
0.374485
0.388888
0.401952
0.415369
0.430804
0.448623
0.466270
0.477894
0.476715
0.458577
0.423343
0.373701
0.313442
0.246389
0.175935
0.104883
0.035412
-0.030917
-0.093122
-0.150753
-0.203828
-0.252719
-0.297921
-0.339730
-0.377999
-0.412135
-0.441263
-0.464275
-0.479670
-0.485250
-0.477919
-0.454019
-0.410789
-0.348775
-0.273275
-0.192792
-0.115656
-0.047661
0.008275
0.051330
0.081898
0.101004
0.110035
0.110636
0.104689
0.094348
0.082145
0.071129
0.064915
0.067405
0.081959
0.110080
0.150023
0.195996
0.239372
0.272441
0.291819
0.298604
0.296359
0.289235
0.280956
0.274394
0.271400
0.272722
0.277981
0.285722
0.293522
0.298049
0.295078
0.280045
0.249920
0.205566
0.151755
0.094576
0.039104
-0.011379
-0.055266
-0.092294
-0.123208
-0.149408
-0.172561
-0.194209
-0.215412
-0.236529
-0.257114
-0.275881
-0.290610
-0.298030
-0.293983
-0.274388
-0.237171
-0.184059
-0.120370
-0.052678
0.013560
0.074947
0.129868
0.177821
0.218830
0.253107
0.280925
0.302637
0.318779
0.330221
0.338345
0.345194
0.353418
0.365727
0.383672
0.406042
0.427926
0.441840
0.441031
0.422422
0.386916
0.337842
0.279357
0.215496
0.149734
0.084820
0.022734
-0.035305
-0.088817
-0.138033
-0.183775
-0.227134
-0.268925
-0.309182
-0.347087
-0.381309
-0.410368
-0.432670
-0.446285
-0.448671
-0.436694
-0.407359
-0.359453
-0.295268
-0.220679
-0.143131
-0.069190
-0.003315
0.052071
0.095970
0.128298
0.149622
0.161034
0.164074
0.160653
0.153063
0.144047
0.136863
0.135180
0.142578
0.161565
0.192291
0.231327
0.271399
0.303550
0.321257
0.322957
0.311209
0.290432
0.265199
0.239419
0.216050
0.196995
0.183014
0.173627
0.167048
0.160246
0.149233
0.129816
0.099113
0.057342
0.008169
-0.043066
-0.091450
-0.133399
-0.166657
-0.190089
-0.203565
-0.207895
-0.204677
-0.195986
-0.183923
-0.170112
-0.155223
-0.138600
-0.118094
-0.090426
-0.052580
-0.004145
0.051329
0.107927
0.160470
0.206250
0.244892
0.277447
0.305511
0.330627
0.353953
0.376160
0.397507
0.417998
0.437549
0.456039
0.473141
0.487750
0.497054
0.496228
0.480322
0.447319
0.399005
0.339308
0.272416
0.201846
0.130242
0.059487
-0.009100
-0.074592
-0.136348
-0.193960
-0.247215
-0.296057
-0.340510
-0.380567
-0.416052
-0.446516
-0.471171
-0.488781
-0.497452
-0.494421
-0.476171
-0.439414
-0.383200
-0.311014
-0.230566
-0.150870
-0.079116
-0.019414
0.026790
0.059743
0.080572
0.090801
0.092145
0.086475
0.075869
0.062729
0.049923
0.040883
0.039463
0.049334
0.072863
0.109739
0.155828
0.203368
0.243876
0.272188
0.287904
0.293850
0.293963
0.291991
0.290915
0.292719
0.298307
0.307499
0.319138
0.331274
0.341246
0.345556
0.339790
0.319615
0.283348
0.233759
0.176603
0.117688
0.061222
0.009574
-0.036437
-0.077128
-0.113543
-0.147027
-0.178830
-0.209797
-0.240206
-0.269751
-0.297594
-0.322339
-0.341897
-0.353323
-0.352917
-0.336962
-0.303254
-0.252708
-0.189610
-0.120024
-0.049715
0.017033
0.077539
0.130337
0.174737
0.210549
0.237945
0.257425
0.269831
0.276416
0.278959
0.279897
0.282303
0.289496
0.304102
0.326740
0.354766
0.381921
0.399997
0.402352
0.386600
0.354479
0.310003
0.257740
0.201860
0.145754
0.091926
0.041981
-0.003400
-0.044507
-0.082575
-0.119514
-0.157234
-0.196732
-0.237493
-0.277676
-0.314894
-0.346819
-0.371294
-0.386114
-0.388861
-0.377106
-0.349149
-0.305076
-0.247409
-0.180640
-0.109917
-0.039815
0.026163
0.085464
0.136183
0.176987
0.207287
0.227393
0.238458
0.242303
0.241276
0.238191
0.236246
0.238774
0.248687
0.267632
0.294993
0.327002
0.356681
0.375723
0.377989
0.361959
0.330330
0.287933
0.239858
0.190451
0.142963
0.099499
0.061011
0.027291
-0.003009
-0.032179
-0.062918
-0.097435
-0.136438
-0.178653
-0.221313
-0.261198
-0.295357
-0.321227
-0.336465
-0.338935
-0.327055
-0.300417
-0.260267
-0.209367
-0.151244
-0.089311
-0.026341
0.035527
0.094396
0.148189
0.194670
0.232046
0.259612
0.277924
0.288578
0.293903
0.296724
0.300114
0.306995
0.319579
0.338698
0.363180
0.389439
0.411661
0.423078
0.418233
0.395032
0.355219
0.303162
0.244040
0.182515
0.122137
0.065214
0.012861
-0.034888
-0.078906
-0.120641
-0.161613
-0.202814
-0.244285
-0.285087
-0.323648
-0.358169
-0.386800
-0.407525
-0.417939
-0.415202
-0.396522
-0.360324
-0.307571
-0.242111
-0.169579
-0.095716
-0.025247
0.038398
0.092913
0.136914
0.169869
0.192054
0.204460
0.208656
0.206698
0.201120
0.194971
0.191740
0.194994
0.207623
0.230818
0.263000
0.299028
0.330729
0.349779
0.351509
0.336290
0.307966
0.271557
0.231785
0.192467
0.156349
0.125062
0.099044
0.077453
0.058158
0.037997
0.013462
-0.018125
-0.057280
-0.101837
-0.147850
-0.191145
-0.228237
-0.256454
-0.273785
-0.278876
-0.271259
-0.251597
-0.221676
-0.183993
-0.141102
-0.094998
-0.046760
0.003404
0.055525
0.108777
0.160691
0.207792
0.247246
0.277973
0.300633
0.317077
0.329778
0.341359
0.354134
0.369679
0.388472
0.409708
0.431308
0.450119
0.462218
0.463319
0.449567
0.418956
0.372568
0.314218
0.248794
0.180745
0.113379
0.048739
-0.012249
-0.069504
-0.123440
-0.174583
-0.223265
-0.269461
-0.312810
-0.352734
-0.388541
-0.419410
-0.444265
-0.461542
-0.468952
-0.463409
-0.441512
-0.400948
-0.342385
-0.270348
-0.191991
-0.114718
-0.044365
0.015418
0.062947
0.097982
0.121224
0.133927
0.137684
0.134330
0.125988
0.115178
0.104958
0.098934
0.100936
0.114205
0.140240
0.177573
0.220876
0.261645
0.291606
0.306624
0.307507
0.297998
0.282617
0.265464
0.249773
0.237766
0.230557
0.228064
0.228963
0.230736
0.229811
0.221849
0.202578
0.169613
0.124344
0.071636
0.017389
-0.033533
-0.077948
-0.114211
-0.141949
-0.161819
-0.175271
-0.184229
-0.190683
-0.196249
-0.201773
-0.207038
-0.210566
-0.209518
-0.199825
-0.177109
-0.138822
-0.086505
-0.025694
0.036880
0.096106
0.149394
0.196140
0.236813
0.272240
0.303207
0.330307
0.353956
0.374491
0.392326
0.408121
0.422921
0.438062
0.454527
0.471540
0.485212
0.489168
0.477769
0.448996
0.404436
0.347545
0.282182
0.211902
0.139715
0.068032
-0.001326
-0.067092
-0.128508
-0.185266
-0.237434
-0.285325
-0.329285
-0.369426
-0.405477
-0.436823
-0.462591
-0.481579
-0.492010
-0.491236
-0.475723
-0.441889
-0.388228
-0.317709
-0.237850
-0.157770
-0.084848
-0.023378
0.025009
0.060360
0.083594
0.096063
0.099366
0.095302
0.085893
0.073463
0.060786
0.051207
0.048575
0.056704
0.078257
0.113310
0.158144
0.205267
0.246036
0.274727
0.290375
0.295516
0.294065
0.289904
0.286219
0.285239
0.288123
0.294929
0.304671
0.315458
0.324598
0.328529
0.322813
0.303084
0.267497
0.218602
0.162063
0.103759
0.048050
-0.002537
-0.047043
-0.085697
-0.119534
-0.149985
-0.178483
-0.206104
-0.233348
-0.260055
-0.285422
-0.307981
-0.325472
-0.334713
-0.331770
-0.312865
-0.276108
-0.223097
-0.158784
-0.089491
-0.020760
0.043625
0.101526
0.151932
0.194468
0.229105
0.256052
0.275754
0.288963
0.296836
0.301083
0.304091
0.308867
0.318539
0.335267
0.358798
0.385313
0.407689
0.418045
0.411266
0.386626
0.346801
0.296007
0.238634
0.178556
0.118866
0.061805
0.008760
-0.039750
-0.084083
-0.125401
-0.165327
-0.205270
-0.245669
-0.285683
-0.323568
-0.357312
-0.384960
-0.404518
-0.413692
-0.409802
-0.390181
-0.353258
-0.299907
-0.233954
-0.161171
-0.087479
-0.017633
0.045100
0.098654
0.141820
0.174122
0.195837
0.207968
0.212118
0.210378
0.205297
0.199891
0.197566
0.201777
0.215302
0.239194
0.271633
0.307144
0.337364
0.354216
0.353571
0.336224
0.306170
0.268406
0.227568
0.187365
0.150430
0.118272
0.091233
0.068404
0.047648
0.025864
-0.000307
-0.033292
-0.073313
-0.118010
-0.163463
-0.205672
-0.241340
-0.267908
-0.283407
-0.286487
-0.276682
-0.254678
-0.222297
-0.182069
-0.136573
-0.087836
-0.037020
0.015450
0.069221
0.122997
0.174053
0.219109
0.255854
0.283731
0.303759
0.317986
0.328990
0.339436
0.351638
0.367119
0.386236
0.407956
0.429852
0.448300
0.458894
0.457094
0.439339
0.404520
0.354727
0.294338
0.228277
0.160745
0.094718
0.031925
-0.026980
-0.082141
-0.134138
-0.183603
-0.230896
-0.275952
-0.318320
-0.357304
-0.392081
-0.421684
-0.444854
-0.459804
-0.463991
-0.454177
-0.427157
-0.381394
-0.318723
-0.244571
-0.166238
-0.090629
-0.022868
0.033988
0.078633
0.111021
0.131941
0.142693
0.144908
0.140489
0.131662
0.121103
0.112044
0.108207
0.113327
0.130224
0.159607
0.198901
0.241645
0.278934
0.303363
0.312310
0.307718
0.293802
0.275112
0.255593
0.238262
0.225094
0.216924
0.213361
0.212737
0.212180
0.207809
0.195200
0.170575
0.132793
0.084600
0.031423
-0.021131
-0.068802
-0.108941
-0.140290
-0.162749
-0.177192
-0.185236
-0.188911
-0.190232
-0.190742
-0.191100
-0.190762
-0.187790
-0.178825
-0.159586
-0.126494
-0.079183
-0.021708
0.039365
0.098192
0.151403
0.197973
0.238311
0.273405
0.304268
0.331693
0.356209
0.378160
0.397845
0.415668
0.432264
0.448488
0.464987
0.481071
0.493345
0.495909
0.483249
0.453312
0.407714
0.349982
0.283993
0.213242
0.140628
0.068453
-0.001540
-0.068112
-0.130479
-0.188255
-0.241385
-0.290044
-0.334483
-0.374810
-0.410834
-0.442042
-0.467637
-0.486465
-0.496779
-0.495951
-0.480453
-0.446662
-0.392986
-0.322306
-0.242169
-0.161827
-0.088815
-0.027506
0.020474
0.055239
0.077796
0.089573
0.092220
0.087559
0.077621
0.064731
0.051656
0.041735
0.038814
0.046725
0.068175
0.103323
0.148558
0.196481
0.238478
0.268781
0.286346
0.293625
0.294458
0.292651
0.291316
0.292601
0.297584
0.306259
0.317625
0.329851
0.340387
0.345858
0.341935
0.324122
0.290171
0.242224
0.185779
0.126768
0.069671
0.017120
-0.029847
-0.071393
-0.108466
-0.142387
-0.174440
-0.205546
-0.236079
-0.265825
-0.294031
-0.319391
-0.339931
-0.352841
-0.354510
-0.341147
-0.310196
-0.262018
-0.200439
-0.131399
-0.060827
0.006722
0.068332
0.122377
0.168074
0.205170
0.233790
0.254386
0.267749
0.275063
0.278021
0.278958
0.280866
0.287077
0.300411
0.321896
0.349461
0.377364
0.397487
0.402696
0.389869
0.360206
0.317494
0.266296
0.210881
0.154772
0.100612
0.050147
0.004203
-0.037359
-0.075646
-0.112506
-0.149921
-0.189098
-0.229766
-0.270240
-0.308150
-0.341128
-0.366991
-0.383557
-0.388448
-0.379214
-0.353983
-0.312503
-0.256901
-0.191405
-0.121122
-0.050748
0.016058
0.076615
0.128918
0.171515
0.203662
0.225504
0.238062
0.243056
0.242753
0.239894
0.237624
0.239276
0.247871
0.265316
0.291422
0.322975
0.353467
0.374606
0.379678
0.366357
0.336766
0.295537
0.247812
0.198101
0.149846
0.105341
0.065728
0.030993
-0.000025
-0.029473
-0.060014
-0.093980
-0.132361
-0.174195
-0.216914
-0.257334
-0.292467
-0.319705
-0.336677
-0.341188
-0.331501
-0.306955
-0.268508
-0.218733
-0.161130
-0.099225
-0.035950
0.026429
0.085974
0.140632
0.188187
0.226773
0.255537
0.274886
0.286290
0.291992
0.294760
0.297658
0.303681
0.315214
0.333360
0.357294
0.383784
0.407248
0.420866
0.418800
0.398397
0.360931
0.310534
0.252375
0.191238
0.130843
0.073670
0.020997
-0.027000
-0.071093
-0.112701
-0.153403
-0.194337
-0.235713
-0.276710
-0.315788
-0.351124
-0.380843
-0.402949
-0.415095
-0.414501
-0.398340
-0.364812
-0.314479
-0.250797
-0.179192
-0.105413
-0.034313
0.030523
0.086636
0.132485
0.167370
0.191411
0.205475
0.211042
0.210094
0.205096
0.199022
0.195304
0.197524
0.208705
0.230333
0.261275
0.296925
0.329449
0.350316
0.354157
0.340649
0.313278
0.277019
0.236710
0.196330
0.158795
0.125909
0.098299
0.075327
0.055065
0.034505
0.010185
-0.020707
-0.059008
-0.102911
-0.148689
-0.192200
-0.229898
-0.259023
-0.277457
-0.283697
-0.277069
-0.258024
-0.228195
-0.190044
-0.146216
-0.098887
-0.049368
0.001890
0.054750
0.108361
0.160384
0.207486
0.246883
0.277465
0.299840
0.315818
0.327872
0.338674
0.350642
0.365499
0.383878
0.405073
0.427011
0.446419
0.459178
0.460837
0.447489
0.417177
0.371039
0.312923
0.247739
0.179964
0.112939
0.048734
-0.011715
-0.068345
-0.121621
-0.172153
-0.220353
-0.266250
-0.309484
-0.349439
-0.385364
-0.416385
-0.441379
-0.458756
-0.466209
-0.460649
-0.438698
-0.398104
-0.339607
-0.267751
-0.189627
-0.112528
-0.042199
0.017737
0.065566
0.100988
0.124645
0.137750
0.141870
0.138835
0.130770
0.120202
0.110197
0.104368
0.106533
0.119908
0.145944
0.183118
0.226047
0.266202
0.295319
0.309298
0.308987
0.298175
0.281420
0.262858
0.245755
0.232359
0.223815
0.220063
0.219782
0.220435
0.218412
0.209362
0.189085
0.155375
0.109793
0.057247
0.003571
-0.046465
-0.089737
-0.124620
-0.150726
-0.168696
-0.179974
-0.186506
-0.190325
-0.193109
-0.195758
-0.198073
-0.198538
-0.194224
-0.181008
-0.154688
-0.113293
-0.059143
0.001795
0.062980
0.119856
0.170405
0.214442
0.252690
0.286109
0.315535
0.341570
0.364616
0.384992
0.403084
0.419504
0.435183
0.451174
0.467851
0.483443
0.493110
0.490503
0.471279
0.435041
0.384398
0.323127
0.254998
0.183304
0.110749
0.039445
-0.029046
-0.093672
-0.153834
-0.209328
-0.260261
-0.306915
-0.349535
-0.388109
-0.422273
-0.451361
-0.474425
-0.490092
-0.496276
-0.489946
-0.467366
-0.425434
-0.364190
-0.288621
-0.207418
-0.129404
-0.060819
-0.004784
0.037899
0.067758
0.085981
0.094072
0.093739
0.086874
0.075611
0.062437
0.050344
0.042906
0.044064
0.057344
0.084567
0.124433
0.171621
0.217745
0.254908
0.279274
0.291510
0.294891
0.293392
0.290611
0.289316
0.291256
0.297092
0.306413
0.317855
0.329254
0.337688
0.339319
0.329546
0.304522
0.263838
0.211436
0.153356
0.095032
0.040141
-0.009415
-0.053161
-0.091660
-0.126097
-0.157872
-0.188209
-0.217874
-0.247033
-0.275253
-0.301527
-0.324225
-0.340932
-0.348347
-0.342575
-0.320184
-0.279943
-0.224129
-0.158019
-0.087834
-0.018849
0.045349
0.102695
0.152151
0.193303
0.226126
0.250896
0.268191
0.278936
0.284503
0.286846
0.288603
0.292964
0.303082
0.320929
0.345903
0.373797
0.397212
0.408219
0.401890
0.377789
0.338840
0.289410
0.233936
0.176270
0.119431
0.065560
0.015909
-0.029187
-0.070338
-0.108998
-0.147050
-0.186029
-0.226301
-0.266785
-0.305441
-0.339997
-0.368316
-0.388299
-0.397641
-0.393786
-0.374360
-0.338176
-0.286337
-0.222513
-0.151956
-0.079978
-0.010903
0.052150
0.107004
0.152155
0.186785
0.210887
0.225290
0.231530
0.231695
0.228351
0.224515
0.223533
0.228713
0.242611
0.266048
0.297065
0.330228
0.357398
0.370707
0.366062
0.344209
0.309161
0.266018
0.219534
0.173507
0.130619
0.092412
0.059268
0.030375
0.003788
-0.023258
-0.053622
-0.089172
-0.129797
-0.173283
-0.216238
-0.255239
-0.287356
-0.310114
-0.321352
-0.319336
-0.303182
-0.273350
-0.231773
-0.181409
-0.125437
-0.066583
-0.006855
0.052233
0.109092
0.161577
0.207191
0.243961
0.271200
0.289609
0.300958
0.307715
0.312751
0.319000
0.329005
0.344351
0.365111
0.389403
0.413244
0.431000
0.436663
0.425727
0.396825
0.352081
0.295974
0.233609
0.169462
0.106840
0.047788
-0.006816
-0.057098
-0.103932
-0.148546
-0.192034
-0.234903
-0.276867
-0.316968
-0.353877
-0.386127
-0.412113
-0.429905
-0.437010
-0.430395
-0.407122
-0.365751
-0.307792
-0.237901
-0.162434
-0.087560
-0.018111
0.042650
0.092810
0.131549
0.158935
0.175747
0.183317
0.183408
0.178189
0.170292
0.162883
0.159579
0.164015
0.178984
0.205329
0.240813
0.279451
0.312538
0.332180
0.334896
0.322106
0.298044
0.267601
0.235161
0.204170
0.177021
0.154988
0.138112
0.125103
0.113355
0.099221
0.078736
0.048913
0.009327
-0.037268
-0.086156
-0.132575
-0.172783
-0.204174
-0.225113
-0.234868
-0.233673
-0.222742
-0.204062
-0.179946
-0.152469
-0.122920
-0.091402
-0.056721
-0.016881
0.029501
0.081347
0.134695
0.184660
0.227845
0.263197
0.291524
0.314659
0.334739
0.353682
0.372828
0.392766
0.413353
0.433878
0.453245
0.470006
0.482098
0.486352
0.478534
0.454931
0.414748
0.360654
0.297118
0.228571
0.158490
0.089209
0.022095
-0.042159
-0.103224
-0.160900
-0.214991
-0.265291
-0.311594
-0.353714
-0.391430
-0.424386
-0.451951
-0.473068
-0.486059
-0.488442
-0.476931
-0.448115
-0.400109
-0.334607
-0.257521
-0.177184
-0.101433
-0.035686
0.017368
0.057128
0.084256
0.100060
0.106152
0.104310
0.096497
0.084956
0.072360
0.061935
0.057414
0.062595
0.080417
0.111712
0.153940
0.200600
0.242898
0.273813
0.291067
0.296584
0.294249
0.288166
0.281827
0.277799
0.277596
0.281617
0.289150
0.298477
0.307009
0.311307
0.307089
0.289901
0.257227
0.210698
0.155570
0.097915
0.042512
-0.007720
-0.051508
-0.088864
-0.120718
-0.148535
-0.173916
-0.198204
-0.222190
-0.245957
-0.268849
-0.289455
-0.305509
-0.313758
-0.310124
-0.290666
-0.253447
-0.200222
-0.136199
-0.067833
-0.000569
0.062074
0.118284
0.167343
0.209094
0.243624
0.271156
0.292066
0.306977
0.316888
0.323337
0.328533
0.335305
0.346557
0.364105
0.387128
0.411141
0.428740
0.432634
0.418877
0.387726
0.342271
0.286721
0.225278
0.161598
0.098583
0.038324
-0.017892
-0.069573
-0.117011
-0.161172
-0.203357
-0.244599
-0.285064
-0.323899
-0.359608
-0.390520
-0.414927
-0.430896
-0.436001
-0.427287
-0.401856
-0.358278
-0.298190
-0.226619
-0.150409
-0.075985
-0.008037
0.050605
0.098492
0.135107
0.160645
0.175930
0.182327
0.181650
0.176119
0.168398
0.161650
0.159444
0.165334
0.181975
0.209927
0.246425
0.284847
0.316298
0.333498
0.333901
0.319503
0.294657
0.264143
0.232163
0.201972
0.175770
0.154635
0.138423
0.125680
0.113681
0.098717
0.076871
0.045414
0.004393
-0.043002
-0.091927
-0.137760
-0.176975
-0.207160
-0.226841
-0.235438
-0.233327
-0.221819
-0.202924
-0.178897
-0.151679
-0.122381
-0.090908
-0.055896
-0.015307
0.032021
0.084573
0.138059
0.187629
0.230151
0.264838
0.292657
0.315496
0.335472
0.354438
0.373651
0.393637
0.414220
0.434691
0.453978
0.470634
0.482527
0.486340
0.477715
0.453043
0.411838
0.357017
0.293109
0.224477
0.154493
0.085402
0.018507
-0.045526
-0.106372
-0.163827
-0.217692
-0.267760
-0.313836
-0.355731
-0.393219
-0.425922
-0.453179
-0.473892
-0.486344
-0.488005
-0.475572
-0.445682
-0.396614
-0.330296
-0.252829
-0.172577
-0.097273
-0.032179
0.020153
0.059205
0.085685
0.100923
0.106536
0.104314
0.096235
0.084567
0.072016
0.061842
0.057794
0.063645
0.082242
0.114255
0.156924
0.203546
0.245304
0.275397
0.291828
0.296698
0.293946
0.287663
0.281298
0.277366
0.277321
0.281498
0.289121
0.298419
0.306749
0.310620
0.305706
0.287602
0.253995
0.206782
0.151353
0.093746
0.038632
-0.011173
-0.054483
-0.091375
-0.122822
-0.150314
-0.175450
-0.199556
-0.223390
-0.246995
-0.269671
-0.289957
-0.305522
-0.313043
-0.308405
-0.287730
-0.249290
-0.195120
-0.130609
-0.062206
0.004767
0.066934
0.122592
0.171090
0.212303
0.246334
0.273417
0.293939
0.308538
0.318240
0.324616
0.329918
0.336992
0.348704
0.366719
0.389962
0.413666
0.430314
0.432787
0.417491
0.384969
0.338457
0.282186
0.220325
0.156473
0.093467
0.033338
-0.022687
-0.074174
-0.121460
-0.165541
-0.207709
-0.248941
-0.289319
-0.327934
-0.363274
-0.393678
-0.417439
-0.432597
-0.436681
-0.426698
-0.399793
-0.354712
-0.293378
-0.221065
-0.144693
-0.070606
-0.003345
0.054395
0.101268
0.136840
0.161375
0.175754
0.181388
0.180126
0.174221
0.166375
0.159790
0.158061
0.164713
0.182290
0.211134
0.248176
0.286510
0.317206
0.333291
0.332637
0.317515
0.292367
0.261943
0.230367
0.200806
0.175370
0.155034
0.139546
0.127342
0.115592
0.100522
0.078225
0.046109
0.004463
-0.043313
-0.092305
-0.137933
-0.176749
-0.206419
-0.225552
-0.233663
-0.231221
-0.219618
-0.200903
-0.177316
-0.150736
-0.122171
-0.091392
-0.056899
-0.016560
0.030773
0.083457
0.137074
0.186735
0.229349
0.264173
0.292202
0.315321
0.335618
0.354894
0.374355
0.394483
0.415096
0.435511
0.454714
0.471331
0.483286
0.487274
0.478896
0.454484
0.413508
0.358862
0.295054
0.226433
0.156364
0.087100
0.019966
-0.044343
-0.105465
-0.163167
-0.217232
-0.267454
-0.313645
-0.355635
-0.393210
-0.426006
-0.453375
-0.474235
-0.486891
-0.488842
-0.476803
-0.447385
-0.398775
-0.332778
-0.255417
-0.175077
-0.099568
-0.034228
0.018343
0.057608
0.084269
0.099654
0.105380
0.103236
0.095195
0.083516
0.070891
0.060565
0.056275
0.061808
0.080058
0.111777
0.154311
0.201055
0.243206
0.273868
0.290917
0.296364
0.294115
0.288253
0.282237
0.278595
0.278795
0.283190
0.291027
0.300562
0.309191
0.313468
0.309101
0.291646
0.258652
0.211852
0.156555
0.098820
0.043382
-0.006885
-0.050748
-0.088250
-0.120337
-0.148476
-0.174250
-0.198972
-0.223392
-0.247560
-0.270798
-0.291686
-0.307960
-0.316379
-0.312884
-0.293550
-0.256439
-0.203280
-0.139244
-0.070768
-0.003310
0.059572
0.116025
0.165291
0.207181
0.241767
0.269265
0.290058
0.304782
0.314456
0.320638
0.325560
0.332073
0.343113
0.360548
0.383642
0.408003
0.426260
0.431028
0.418200
0.387896
0.343155
0.288188
0.227225
0.163951
0.101298
0.041379
-0.014504
-0.065854
-0.112967
-0.156831
-0.198785
-0.239908
-0.280395
-0.319396
-0.355386
-0.386657
-0.411475
-0.427908
-0.433549
-0.425480
-0.400822
-0.358107
-0.298851
-0.227921
-0.152035
-0.077584
-0.009290
0.049942
0.098580
0.136022
0.162388
0.178442
0.185513
0.185392
0.180283
0.172837
0.166193
0.163903
0.169513
0.185706
0.213119
0.249120
0.287230
0.318593
0.335794
0.336080
0.321310
0.295810
0.264393
0.231316
0.199892
0.172379
0.149912
0.132412
0.118495
0.105503
0.089795
0.067508
0.035937
-0.004916
-0.051968
-0.100475
-0.145877
-0.184660
-0.214385
-0.233511
-0.241368
-0.238237
-0.225363
-0.204737
-0.178639
-0.149073
-0.117245
-0.083190
-0.045734
-0.003121
0.045471
0.098268
0.151001
0.199101
0.239795
0.272577
0.298591
0.319836
0.338507
0.356509
0.375124
0.394850
0.415417
0.435946
0.455113
0.471153
0.481574
0.482782
0.470508
0.441782
0.396973
0.339550
0.274176
0.205092
0.135457
0.067286
0.001670
-0.060911
-0.120275
-0.176309
-0.228861
-0.277723
-0.322668
-0.363460
-0.399801
-0.431230
-0.456972
-0.475772
-0.485690
-0.483950
-0.467123
-0.432124
-0.378115
-0.308233
-0.229393
-0.149935
-0.076952
-0.014943
0.034114
0.070047
0.093730
0.106566
0.110213
0.106497
0.097460
0.085474
0.073390
0.064625
0.063003
0.072143
0.094406
0.129616
0.173906
0.219673
0.258191
0.283816
0.295863
0.297192
0.291952
0.284152
0.277044
0.272905
0.272929
0.277177
0.284601
0.293156
0.299915
0.301079
0.292153
0.269121
0.230858
0.180561
0.124119
0.067287
0.014185
-0.032884
-0.073134
-0.106937
-0.135475
-0.160351
-0.183194
-0.205276
-0.227235
-0.248941
-0.269471
-0.287052
-0.298944
-0.301390
-0.290110
-0.261791
-0.216166
-0.156949
-0.090399
-0.022709
0.041675
0.100292
0.152111
0.196892
0.234726
0.265827
0.290483
0.309133
0.322486
0.331682
0.338467
0.345261
0.354903
0.369772
0.390309
0.413580
0.433162
0.441405
0.432976
0.406700
0.364811
0.311194
0.250067
0.185271
0.119982
0.056602
-0.003245
-0.058699
-0.109647
-0.156663
-0.200802
-0.243142
-0.284192
-0.323550
-0.360068
-0.392273
-0.418615
-0.437359
-0.446309
-0.442624
-0.423111
-0.385395
-0.329750
-0.260218
-0.183636
-0.107201
-0.036517
0.024952
0.075479
0.114475
0.142120
0.159190
0.166965
0.167149
0.161820
0.153467
0.145065
0.140092
0.142253
0.154764
0.179193
0.214160
0.254385
0.291385
0.316808
0.326293
0.320419
0.302889
0.278376
0.251237
0.224992
0.202149
0.184124
0.171145
0.162157
0.154799
0.145558
0.130256
0.105154
0.068727
0.022941
-0.027509
-0.077371
-0.122380
-0.159620
-0.187360
-0.204890
-0.212468
-0.211255
-0.203106
-0.190185
-0.174473
-0.157254
-0.138670
-0.117432
-0.090886
-0.055895
-0.010841
0.042337
0.098467
0.151937
0.199149
0.239023
0.272270
0.300464
0.325328
0.348285
0.370250
0.391626
0.412433
0.432485
0.451514
0.469090
0.484209
0.494494
0.495638
0.482614
0.452635
0.406771
0.348733
0.282849
0.212868
0.141606
0.071029
0.002463
-0.063188
-0.125297
-0.183439
-0.237356
-0.286931
-0.332142
-0.372965
-0.409254
-0.440614
-0.466323
-0.485217
-0.495508
-0.494567
-0.478973
-0.445336
-0.392223
-0.322334
-0.242763
-0.162460
-0.089019
-0.027079
0.021502
0.056724
0.079599
0.091600
0.094416
0.089888
0.080054
0.067256
0.054283
0.044481
0.041661
0.049567
0.070841
0.105679
0.150601
0.198301
0.240102
0.270099
0.287189
0.293861
0.294019
0.291517
0.289501
0.290148
0.294559
0.302737
0.313675
0.325518
0.335685
0.340781
0.336488
0.318355
0.284182
0.236137
0.179747
0.120964
0.064270
0.012288
-0.033964
-0.074669
-0.110808
-0.143738
-0.174793
-0.204939
-0.234580
-0.263516
-0.290979
-0.315627
-0.335420
-0.347462
-0.348051
-0.333376
-0.301017
-0.251635
-0.189357
-0.120245
-0.050141
0.016598
0.077266
0.130404
0.175338
0.211871
0.240146
0.260608
0.274031
0.281584
0.284958
0.286491
0.289180
0.296310
0.310556
0.332642
0.360063
0.386677
0.404339
0.406376
0.390307
0.357761
0.312675
0.259585
0.202665
0.145330
0.090122
0.038694
-0.008206
-0.050772
-0.090121
-0.128040
-0.166352
-0.206041
-0.246662
-0.286499
-0.323291
-0.354809
-0.378953
-0.393536
-0.396101
-0.384114
-0.355719
-0.310885
-0.252152
-0.184196
-0.112434
-0.041676
0.024445
0.083363
0.133265
0.172975
0.202070
0.220984
0.230939
0.233777
0.231850
0.227972
0.225364
0.227412
0.237110
0.256193
0.284094
0.317005
0.347809
0.368061
0.371606
0.357025
0.327104
0.286678
0.240787
0.193719
0.148682
0.107746
0.071837
0.040701
0.012909
-0.013968
-0.042830
-0.076103
-0.114644
-0.157146
-0.200636
-0.241641
-0.277019
-0.304123
-0.320647
-0.324600
-0.314603
-0.290423
-0.253332
-0.205933
-0.151457
-0.092961
-0.032847
0.027128
0.085413
0.140101
0.188794
0.229238
0.260204
0.281863
0.295589
0.303597
0.308626
0.313648
0.321473
0.334213
0.352699
0.375949
0.400844
0.422269
0.434054
0.430746
0.409526
0.371174
0.319440
0.259381
0.195841
0.132639
0.072341
0.016296
-0.035233
-0.082863
-0.127769
-0.171212
-0.214036
-0.256318
-0.297340
-0.335850
-0.370372
-0.399331
-0.420934
-0.432929
-0.432482
-0.416516
-0.382812
-0.331567
-0.266211
-0.192571
-0.117005
-0.044902
0.019863
0.074840
0.118737
0.151216
0.172730
0.184364
0.187694
0.184714
0.177855
0.170059
0.164781
0.165715
0.176107
0.197726
0.229720
0.267666
0.303701
0.329083
0.338221
0.330656
0.309760
0.280372
0.247197
0.214115
0.183984
0.158569
0.138457
0.122939
0.109962
0.096285
0.078002
0.051616
0.015571
-0.028606
-0.076824
-0.124240
-0.166716
-0.201230
-0.225749
-0.239114
-0.241084
-0.232425
-0.214825
-0.190540
-0.161853
-0.130487
-0.097140
-0.061252
-0.021256
0.024357
0.075275
0.128367
0.178946
0.223206
0.259556
0.288432
0.311519
0.331003
0.349005
0.367156
0.386338
0.406611
0.427315
0.447258
0.464844
0.477937
0.483492
0.477470
0.456067
0.418014
0.365537
0.303000
0.234981
0.165177
0.096115
0.029263
-0.034673
-0.095428
-0.152894
-0.206950
-0.257412
-0.304053
-0.346636
-0.384901
-0.418478
-0.446754
-0.468712
-0.482733
-0.486402
-0.476491
-0.449562
-0.403544
-0.339761
-0.263719
-0.183522
-0.107058
-0.039991
0.014698
0.056167
0.084924
0.102197
0.109556
0.108754
0.101730
0.090689
0.078258
0.067610
0.062442
0.066574
0.083062
0.112974
0.154127
0.200372
0.242962
0.274490
0.292175
0.297645
0.294733
0.287616
0.279909
0.274320
0.272515
0.275044
0.281326
0.289728
0.297693
0.301798
0.297782
0.281179
0.249313
0.203544
0.148966
0.091677
0.036577
-0.013278
-0.056495
-0.092994
-0.123653
-0.149941
-0.173523
-0.195864
-0.217897
-0.239828
-0.261075
-0.280243
-0.295025
-0.302090
-0.297264
-0.276575
-0.238207
-0.184188
-0.119981
-0.052102
0.014145
0.075476
0.130324
0.178170
0.218999
0.252985
0.280379
0.301543
0.317051
0.327839
0.335375
0.341796
0.349830
0.362213
0.380430
0.403142
0.425314
0.439405
0.438680
0.420109
0.384642
0.335651
0.277329
0.213737
0.148363
0.083951
0.022463
-0.034912
-0.087741
-0.136315
-0.181524
-0.224513
-0.266106
-0.306310
-0.344248
-0.378537
-0.407650
-0.429959
-0.443504
-0.445727
-0.433506
-0.403910
-0.355839
-0.291672
-0.217276
-0.139989
-0.066253
-0.000451
0.055006
0.099091
0.131671
0.153270
0.164957
0.168258
0.165087
0.157747
0.148990
0.142088
0.140703
0.148385
0.167575
0.198335
0.237136
0.276635
0.307887
0.324451
0.324863
0.311759
0.289608
0.263007
0.235877
0.211183
0.190828
0.175574
0.164938
0.157122
0.149085
0.136848
0.116300
0.084733
0.042552
-0.006506
-0.057176
-0.104667
-0.145487
-0.177416
-0.199305
-0.210990
-0.213247
-0.207665
-0.196328
-0.181365
-0.164427
-0.146208
-0.126067
-0.101906
-0.070638
-0.029727
0.020532
0.076100
0.131180
0.181169
0.223983
0.259709
0.289669
0.315604
0.339110
0.361337
0.382896
0.403943
0.424348
0.443858
0.462116
0.478411
0.491022
0.496419
0.489583
0.466478
0.426627
0.372936
0.309694
0.240971
0.169969
0.098970
0.029523
-0.037331
-0.100874
-0.160610
-0.216217
-0.267526
-0.314478
-0.357062
-0.395193
-0.428588
-0.456665
-0.478453
-0.492439
-0.496346
-0.487025
-0.460907
-0.415499
-0.351671
-0.274928
-0.193885
-0.116980
-0.050086
0.003917
0.044403
0.072059
0.088220
0.094503
0.092687
0.084722
0.072813
0.059553
0.048063
0.042002
0.045237
0.060999
0.090621
0.132197
0.179822
0.224890
0.259945
0.281971
0.292295
0.294489
0.292547
0.289944
0.289265
0.292048
0.298732
0.308697
0.320403
0.331551
0.339089
0.339047
0.326826
0.298990
0.255895
0.202064
0.143606
0.085700
0.031693
-0.016805
-0.059550
-0.097257
-0.131188
-0.162736
-0.193051
-0.222779
-0.251960
-0.280047
-0.305932
-0.327867
-0.343300
-0.348799
-0.340455
-0.315082
-0.271994
-0.214065
-0.146876
-0.076577
-0.008170
0.055040
0.111177
0.159319
0.199113
0.230579
0.254042
0.270139
0.279869
0.284696
0.286691
0.288607
0.293688
0.304984
0.324136
0.350000
0.377767
0.399718
0.408190
0.398953
0.372231
0.331311
0.280649
0.224625
0.166967
0.110558
0.057392
0.008570
-0.035729
-0.076272
-0.114631
-0.152700
-0.191876
-0.232288
-0.272645
-0.310817
-0.344539
-0.371687
-0.390140
-0.397547
-0.391339
-0.369261
-0.330440
-0.276413
-0.211193
-0.140129
-0.068406
-0.000139
0.061735
0.115151
0.158706
0.191689
0.214224
0.227261
0.232430
0.231898
0.228307
0.224738
0.224566
0.231029
0.246469
0.271325
0.303100
0.335822
0.361149
0.371628
0.363953
0.339541
0.302717
0.258597
0.211811
0.165984
0.123617
0.086069
0.053534
0.025014
-0.001595
-0.029122
-0.060332
-0.096816
-0.138098
-0.181697
-0.224168
-0.262164
-0.292847
-0.313799
-0.322904
-0.318519
-0.299934
-0.267849
-0.224413
-0.172689
-0.115843
-0.056512
0.003381
0.062325
0.118641
0.170088
0.214205
0.249228
0.274736
0.291649
0.301883
0.308000
0.312911
0.319528
0.330287
0.346567
0.368141
0.392763
0.416091
0.432273
0.435388
0.421375
0.389516
0.342485
0.285003
0.222137
0.158177
0.096206
0.038055
-0.015590
-0.065014
-0.111194
-0.155389
-0.198633
-0.241315
-0.283014
-0.322675
-0.358916
-0.390234
-0.414976
-0.431116
-0.436055
-0.426711
-0.400307
-0.355854
-0.295462
-0.224209
-0.148520
-0.074350
-0.006237
0.052818
0.101103
0.137946
0.163537
0.178750
0.184989
0.184086
0.178287
0.170317
0.163433
0.161297
0.167462
0.184450
0.212629
0.249118
0.287299
0.318307
0.334831
0.334324
0.318886
0.293005
0.261548
0.228758
0.197907
0.171202
0.149712
0.133256
0.120313
0.108067
0.092763
0.070522
0.038737
-0.002421
-0.049719
-0.098333
-0.143671
-0.182219
-0.211559
-0.230202
-0.237561
-0.234028
-0.220964
-0.200452
-0.174814
-0.146040
-0.115250
-0.082343
-0.045976
-0.004232
0.043812
0.096395
0.149184
0.197526
0.238586
0.271821
0.298363
0.320190
0.339461
0.358023
0.377089
0.397091
0.417728
0.438140
0.457079
0.472902
0.483243
0.484600
0.472697
0.444445
0.400054
0.342889
0.277572
0.208352
0.138409
0.069795
0.003645
-0.059503
-0.119409
-0.175912
-0.228830
-0.277953
-0.323071
-0.363977
-0.400410
-0.431942
-0.457834
-0.476868
-0.487148
-0.485933
-0.469794
-0.435560
-0.382208
-0.312694
-0.233875
-0.154184
-0.080858
-0.018506
0.030847
0.067018
0.090887
0.103866
0.107614
0.103956
0.094918
0.082854
0.070585
0.061503
0.059426
0.068017
0.089735
0.124555
0.168788
0.214964
0.254335
0.281082
0.294322
0.296785
0.292570
0.285675
0.279358
0.275911
0.276545
0.281346
0.289306
0.298435
0.305884
0.307937
0.300129
0.278317
0.241086
0.191365
0.134962
0.077707
0.023834
-0.024257
-0.065709
-0.100841
-0.130787
-0.157108
-0.181393
-0.204879
-0.228186
-0.251195
-0.273032
-0.292024
-0.305580
-0.310107
-0.301386
-0.275889
-0.232799
-0.175221
-0.109120
-0.040820
0.024882
0.085150
0.138671
0.185017
0.224173
0.256298
0.281660
0.300693
0.314105
0.323028
0.329181
0.334971
0.343301
0.356819
0.376534
0.400323
0.422401
0.435008
0.431885
0.410780
0.373250
0.322973
0.264221
0.201010
0.136712
0.073920
0.014428
-0.040763
-0.091428
-0.138088
-0.181834
-0.223894
-0.265004
-0.304945
-0.342607
-0.376446
-0.404830
-0.426030
-0.437963
-0.437968
-0.422950
-0.390306
-0.339588
-0.273844
-0.199187
-0.122677
-0.050244
0.014158
0.068341
0.111330
0.142979
0.163801
0.174880
0.177786
0.174494
0.167386
0.159315
0.153633
0.153997
0.163776
0.185000
0.217098
0.255791
0.293210
0.320565
0.332226
0.327613
0.309906
0.283766
0.253782
0.223779
0.196583
0.173945
0.156456
0.143443
0.132918
0.121680
0.105749
0.081350
0.046531
0.002549
-0.046468
-0.095450
-0.140044
-0.177122
-0.204662
-0.221596
-0.227791
-0.224068
-0.212080
-0.193983
-0.171931
-0.147539
-0.121400
-0.092779
-0.059682
-0.019714
0.028066
0.081417
0.135441
0.185212
0.227873
0.262922
0.291474
0.315407
0.336691
0.356941
0.377167
0.397716
0.418377
0.438566
0.457457
0.473890
0.485923
0.490226
0.482237
0.458162
0.417467
0.363053
0.299375
0.230707
0.160360
0.090580
0.022743
-0.042361
-0.104261
-0.162632
-0.217213
-0.267797
-0.314233
-0.356398
-0.394125
-0.427082
-0.454644
-0.475765
-0.488806
-0.491331
-0.480092
-0.451643
-0.403961
-0.338573
-0.261358
-0.180782
-0.104851
-0.039066
0.013894
0.053474
0.080379
0.095944
0.101790
0.099704
0.091652
0.079876
0.067040
0.056350
0.051523
0.056372
0.073895
0.105024
0.147332
0.194421
0.237534
0.269598
0.288222
0.295220
0.294399
0.289817
0.284934
0.282292
0.283377
0.288563
0.297137
0.307416
0.316895
0.322251
0.319278
0.303460
0.272016
0.226264
0.171303
0.113233
0.056929
0.005409
-0.039987
-0.079219
-0.113167
-0.143235
-0.170945
-0.197556
-0.223780
-0.249663
-0.274570
-0.297188
-0.315431
-0.326284
-0.325872
-0.310207
-0.276847
-0.226682
-0.164212
-0.095732
-0.027029
0.037839
0.096563
0.148053
0.191913
0.228097
0.256771
0.278305
0.293338
0.302883
0.308469
0.312284
0.317175
0.326246
0.341856
0.364171
0.389891
0.412270
0.423406
0.417785
0.394191
0.354962
0.304165
0.246180
0.184943
0.123648
0.064656
0.009485
-0.041185
-0.087520
-0.130477
-0.171519
-0.212021
-0.252540
-0.292446
-0.330199
-0.363933
-0.391790
-0.411852
-0.421875
-0.419152
-0.400843
-0.365032
-0.312214
-0.246054
-0.172502
-0.097857
-0.027226
0.035942
0.089569
0.132540
0.164496
0.185798
0.197477
0.201125
0.198796
0.192990
0.186678
0.183268
0.186301
0.198758
0.222002
0.254581
0.291334
0.323971
0.344150
0.347299
0.333843
0.307565
0.273377
0.235902
0.198887
0.165025
0.135901
0.111929
0.092262
0.074774
0.056276
0.033144
0.002496
-0.036365
-0.081279
-0.128146
-0.172605
-0.211062
-0.240829
-0.259972
-0.267271
-0.262390
-0.246054
-0.219997
-0.186575
-0.148162
-0.106568
-0.062652
-0.016291
0.033064
0.085187
0.137943
0.187609
0.230681
0.265384
0.291890
0.311756
0.327282
0.340967
0.355049
0.371100
0.389727
0.410436
0.431678
0.451015
0.465290
0.470728
0.463267
0.439741
0.399640
0.345681
0.282472
0.214715
0.146161
0.079316
0.015523
-0.044778
-0.101708
-0.155593
-0.206669
-0.254928
-0.300108
-0.341783
-0.379432
-0.412432
-0.439947
-0.460737
-0.472927
-0.473823
-0.460059
-0.428509
-0.378074
-0.311352
-0.234553
-0.155465
-0.081062
-0.016169
0.036676
0.076742
0.104483
0.121043
0.127940
0.126928
0.119989
0.109432
0.098033
0.089139
0.086541
0.093913
0.113802
0.146398
0.188375
0.232562
0.270041
0.294345
0.304013
0.301622
0.291440
0.277764
0.264189
0.253353
0.246828
0.245038
0.247208
0.251391
0.254580
0.252844
0.241692
0.217296
0.178691
0.129031
0.074079
0.019532
-0.030456
-0.073463
-0.108535
-0.135893
-0.156659
-0.172541
-0.185459
-0.197118
-0.208619
-0.220179
-0.230958
-0.238948
-0.240894
-0.232491
-0.209469
-0.169813
-0.115723
-0.053065
0.011473
0.072895
0.128590
0.177780
0.220674
0.257840
0.289852
0.317164
0.340137
0.359155
0.374789
0.387994
0.400253
0.413478
0.429310
0.447668
0.465227
0.475594
0.472155
0.451421
0.413837
0.362367
0.300876
0.233175
0.162615
0.091939
0.023248
-0.041994
-0.102917
-0.159199
-0.210993
-0.258777
-0.303087
-0.344160
-0.381732
-0.415103
-0.443320
-0.465193
-0.479097
-0.482662
-0.472634
-0.445382
-0.398596
-0.333698
-0.256771
-0.176482
-0.100734
-0.034727
0.019077
0.060108
0.088860
0.106395
0.114122
0.113712
0.107082
0.096443
0.084412
0.074149
0.069357
0.073916
0.090937
0.121399
0.162804
0.208631
0.250068
0.280025
0.296043
0.299868
0.295321
0.286560
0.277210
0.270000
0.266625
0.267663
0.272554
0.279654
0.286330
0.289016
0.283312
0.264800
0.231176
0.184290
0.129447
0.072645
0.018589
-0.029811
-0.071244
-0.105669
-0.133989
-0.157713
-0.178566
-0.198093
-0.217311
-0.236484
-0.255020
-0.271405
-0.283104
-0.286485
-0.277196
-0.251502
-0.208433
-0.151127
-0.085723
-0.018659
0.045334
0.103654
0.155287
0.200100
0.238315
0.270237
0.296181
0.316525
0.331839
0.343058
0.351666
0.359809
0.370109
0.384871
0.404621
0.426580
0.444470
0.450801
0.440434
0.412358
0.368846
0.313725
0.251103
0.184729
0.117711
0.052434
-0.009459
-0.067043
-0.120086
-0.168986
-0.214600
-0.257846
-0.299191
-0.338323
-0.374260
-0.405713
-0.431271
-0.449286
-0.457585
-0.453278
-0.433031
-0.394288
-0.337260
-0.266202
-0.188381
-0.111387
-0.041000
0.019370
0.068196
0.105150
0.130652
0.145661
0.151565
0.150115
0.143404
0.133920
0.124644
0.119078
0.120993
0.133686
0.158790
0.194929
0.236768
0.275781
0.303686
0.316266
0.314170
0.301041
0.281420
0.259519
0.238723
0.221416
0.208886
0.201237
0.197308
0.194676
0.189784
0.178320
0.156206
0.121448
0.075752
0.023946
-0.028364
-0.076606
-0.117732
-0.150060
-0.173059
-0.187200
-0.193797
-0.194744
-0.192124
-0.187752
-0.182716
-0.176980
-0.169105
-0.156160
-0.134162
-0.099631
-0.052077
0.004670
0.064234
0.120928
0.171559
0.215316
0.252846
0.285377
0.314134
0.340058
0.363748
0.385545
0.405675
0.424394
0.442085
0.459190
0.475733
0.490231
0.498613
0.495033
0.475063
0.438123
0.386862
0.325205
0.256983
0.185414
0.113037
0.041790
-0.026893
-0.092011
-0.152933
-0.209349
-0.261208
-0.308629
-0.351759
-0.390598
-0.424869
-0.453995
-0.477081
-0.492783
-0.499045
-0.492890
-0.470637
-0.429186
-0.368430
-0.293128
-0.211854
-0.133529
-0.064588
-0.008312
0.034435
0.064201
0.082229
0.090078
0.089485
0.082360
0.070841
0.057414
0.045062
0.037341
0.038167
0.051073
0.077955
0.117666
0.165072
0.211874
0.250097
0.275745
0.289358
0.294147
0.294052
0.292647
0.292670
0.295841
0.302789
0.313089
0.325393
0.337612
0.346945
0.349695
0.341306
0.317750
0.278248
0.226454
0.168350
0.109457
0.053562
0.002658
-0.042714
-0.083058
-0.119493
-0.153342
-0.185742
-0.217379
-0.248370
-0.278284
-0.306178
-0.330558
-0.349216
-0.359091
-0.356452
-0.337753
-0.301213
-0.248291
-0.183635
-0.113356
-0.043049
0.023204
0.082868
0.134552
0.177621
0.211933
0.237729
0.255595
0.266473
0.271731
0.273287
0.273724
0.276228
0.284114
0.299836
0.323658
0.352479
0.379648
0.396896
0.397932
0.380892
0.347908
0.303169
0.251255
0.196268
0.141491
0.089311
0.041202
-0.002308
-0.041689
-0.078372
-0.114413
-0.151754
-0.191275
-0.232245
-0.272620
-0.309875
-0.341616
-0.365638
-0.379713
-0.381457
-0.368578
-0.339636
-0.295028
-0.237451
-0.171325
-0.101533
-0.032344
0.032962
0.091918
0.142584
0.183529
0.214075
0.234489
0.245924
0.250228
0.249788
0.247450
0.246415
0.249948
0.260804
0.280390
0.307808
0.339048
0.367064
0.383741
0.383287
0.364490
0.330222
0.285383
0.235070
0.183598
0.134164
0.088801
0.048391
0.012670
-0.019719
-0.050987
-0.083642
-0.119600
-0.159296
-0.201354
-0.243128
-0.281636
-0.314132
-0.338145
-0.351309
-0.351379
-0.336650
-0.306684
-0.262859
-0.208215
-0.146613
-0.081776
-0.016758
0.046032
0.104471
0.156436
0.199948
0.233707
0.257517
0.272301
0.279868
0.282673
0.283638
0.285925
0.292534
0.305677
0.326045
0.352108
0.379657
0.402147
0.412415
0.405374
0.379922
0.338775
0.286768
0.229058
0.170049
0.112978
0.059864
0.011556
-0.032185
-0.072522
-0.111201
-0.149974
-0.189916
-0.230935
-0.271786
-0.310526
-0.345034
-0.373207
-0.392844
-0.401447
-0.396275
-0.374959
-0.336644
-0.282978
-0.218034
-0.147087
-0.075200
-0.006456
0.056106
0.110273
0.154526
0.188108
0.211110
0.224439
0.229671
0.228935
0.224870
0.220608
0.219618
0.225257
0.239978
0.264352
0.296083
0.329451
0.356208
0.368642
0.362998
0.340358
0.304928
0.261850
0.215833
0.170611
0.128795
0.091857
0.060080
0.032510
0.007030
-0.019277
-0.049335
-0.084942
-0.125813
-0.169545
-0.212626
-0.251576
-0.283442
-0.305749
-0.316370
-0.313663
-0.296899
-0.266722
-0.225203
-0.175330
-0.120206
-0.062391
-0.003692
0.054570
0.110927
0.163252
0.208967
0.246003
0.273604
0.292450
0.304313
0.311673
0.317396
0.324375
0.335062
0.350908
0.371837
0.395854
0.418975
0.435710
0.440282
0.428358
0.398604
0.353092
0.296248
0.233153
0.168271
0.104894
0.045053
-0.010388
-0.061551
-0.109273
-0.154708
-0.198845
-0.242100
-0.284153
-0.324081
-0.360640
-0.392452
-0.417986
-0.435340
-0.442017
-0.434938
-0.411093
-0.368994
-0.310192
-0.239485
-0.163412
-0.088289
-0.019013
0.041175
0.090455
0.128138
0.154420
0.170179
0.176804
0.176084
0.170196
0.161777
0.154003
0.150512
0.154971
0.170194
0.197018
0.233158
0.272541
0.306408
0.326920
0.330729
0.319349
0.297017
0.268574
0.238333
0.209676
0.184938
0.165331
0.150834
0.140090
0.130423
0.118109
0.099062
0.070140
0.030805
-0.016157
-0.065870
-0.113401
-0.154900
-0.187753
-0.210397
-0.222230
-0.223621
-0.215877
-0.201007
-0.181283
-0.158694
-0.134414
-0.108385
-0.079149
-0.044236
-0.001502
0.048795
0.103023
0.155858
0.203048
0.242757
0.275266
0.302093
0.325194
0.346385
0.366983
0.387655
0.408453
0.428985
0.448597
0.466427
0.481146
0.490376
0.490206
0.476032
0.445121
0.398422
0.339683
0.273413
0.203527
0.132895
0.063398
-0.003822
-0.068088
-0.128958
-0.186106
-0.239281
-0.288306
-0.333065
-0.373455
-0.409281
-0.440128
-0.465239
-0.483370
-0.492599
-0.490151
-0.472557
-0.436636
-0.381486
-0.310391
-0.230652
-0.150985
-0.078592
-0.017809
0.029666
0.063906
0.085948
0.097281
0.099604
0.094766
0.084826
0.072168
0.059652
0.050703
0.049157
0.058660
0.081579
0.117684
0.162991
0.209820
0.249568
0.276841
0.291104
0.295196
0.293142
0.288801
0.285268
0.284658
0.288001
0.295219
0.305200
0.315948
0.324686
0.327786
0.320797
0.299506
0.262439
0.212537
0.155621
0.097497
0.042351
-0.007473
-0.051170
-0.089090
-0.122342
-0.152391
-0.180652
-0.208148
-0.235300
-0.261871
-0.286983
-0.309089
-0.325845
-0.333973
-0.329492
-0.308727
-0.270108
-0.215653
-0.150580
-0.081203
-0.012875
0.050832
0.107938
0.157521
0.199250
0.233117
0.259347
0.278412
0.291094
0.298599
0.302697
0.305843
0.311083
0.321494
0.339032
0.363083
0.389406
0.410637
0.419059
0.410037
0.383316
0.341829
0.289866
0.231783
0.171377
0.111649
0.054745
0.001959
-0.046284
-0.090428
-0.131695
-0.171705
-0.211776
-0.252199
-0.292014
-0.329438
-0.362480
-0.389206
-0.407605
-0.415333
-0.409662
-0.387961
-0.348859
-0.293577
-0.226281
-0.152908
-0.079337
-0.010173
0.051481
0.103692
0.145369
0.176154
0.196438
0.207316
0.210457
0.208009
0.202574
0.197224
0.195404
0.200547
0.215299
0.240445
0.273755
0.309309
0.338550
0.353707
0.351264
0.332531
0.301724
0.263838
0.223404
0.183999
0.148116
0.117124
0.091211
0.069308
0.049123
0.027445
0.000914
-0.032740
-0.073449
-0.118571
-0.164059
-0.205926
-0.240942
-0.266619
-0.281075
-0.283084
-0.272340
-0.249694
-0.217079
-0.177040
-0.132073
-0.084059
-0.033986
0.017882
0.071269
0.124826
0.175708
0.220564
0.257110
0.284866
0.304916
0.319349
0.330745
0.341725
0.354514
0.370508
0.389932
0.411659
0.433235
0.451099
0.460959
0.458381
0.439870
0.404369
0.354022
0.293230
0.226894
0.159162
0.092958
0.029959
-0.029211
-0.084697
-0.137046
-0.186830
-0.234348
-0.279495
-0.321817
-0.360644
-0.395189
-0.424516
-0.447380
-0.461989
-0.465788
-0.455519
-0.427974
-0.381651
-0.318461
-0.243925
-0.165423
-0.089893
-0.022445
0.033918
0.077962
0.109716
0.130025
0.140227
0.141972
0.137175
0.128071
0.117346
0.108245
0.104498
0.109839
0.127065
0.156837
0.196504
0.239524
0.276981
0.301567
0.310795
0.306684
0.293454
0.275620
0.257081
0.240806
0.228715
0.221593
0.218996
0.219221
0.219376
0.215574
0.203377
0.178979
0.141219
0.092871
0.039409
-0.013525
-0.061662
-0.102369
-0.134425
-0.157779
-0.173343
-0.182753
-0.188031
-0.191152
-0.193601
-0.195972
-0.197680
-0.196775
-0.189905
-0.172747
-0.141532
-0.095532
-0.038473
0.023126
0.083186
0.138006
0.186276
0.228210
0.264678
0.296633
0.324847
0.349851
0.372003
0.391626
0.409156
0.425295
0.441035
0.457311
0.473936
0.488122
0.494211
0.486153
0.460904
0.419299
0.364536
0.300483
0.230772
0.158494
0.086140
0.015627
-0.051668
-0.114851
-0.173466
-0.227419
-0.276890
-0.322171
-0.363438
-0.400562
-0.433072
-0.460213
-0.480922
-0.493617
-0.495903
-0.484441
-0.455488
-0.406708
-0.339748
-0.261176
-0.180155
-0.104824
-0.040325
0.011130
0.049296
0.074991
0.089534
0.094512
0.091692
0.083043
0.070803
0.057615
0.046669
0.041716
0.046671
0.064642
0.096535
0.139721
0.187587
0.231427
0.264456
0.284496
0.293356
0.294722
0.292516
0.290084
0.289853
0.293201
0.300411
0.310727
0.322498
0.333313
0.339964
0.338296
0.323702
0.293205
0.247944
0.192921
0.134205
0.076684
0.023407
-0.024255
-0.066222
-0.103315
-0.136833
-0.168149
-0.198350
-0.227998
-0.257046
-0.284865
-0.310254
-0.331343
-0.345430
-0.348964
-0.338047
-0.309775
-0.263994
-0.204117
-0.135974
-0.065634
0.002153
0.064333
0.119216
0.165998
0.204403
0.234506
0.256685
0.271630
0.280408
0.284572
0.286305
0.288464
0.294328
0.306815
0.327219
0.353846
0.381312
0.401652
0.407552
0.395503
0.366349
0.323677
0.271995
0.215601
0.158094
0.102213
0.049810
0.001843
-0.041665
-0.081631
-0.119727
-0.157840
-0.197214
-0.237741
-0.277939
-0.315603
-0.348476
-0.374445
-0.391365
-0.396844
-0.388319
-0.363686
-0.322405
-0.266427
-0.200051
-0.128667
-0.057310
0.010113
0.070821
0.122856
0.164897
0.196340
0.217433
0.229233
0.233459
0.232355
0.228634
0.225436
0.226144
0.233910
0.250839
0.276976
0.309294
0.341334
0.364655
0.372281
0.361676
0.334851
0.296374
0.251350
0.204279
0.158618
0.116696
0.079693
0.047625
0.019316
-0.007471
-0.035601
-0.067711
-0.105094
-0.146927
-0.190515
-0.232394
-0.269308
-0.298508
-0.317624
-0.324581
-0.317828
-0.296830
-0.262519
-0.217241
-0.164155
-0.106407
-0.046555
0.013531
0.072316
0.128016
0.178311
0.220825
0.254028
0.277770
0.293180
0.302310
0.307805
0.312611
0.319614
0.331131
0.348332
0.370682
0.395563
0.418273
0.432767
0.433254
0.416178
0.381485
0.332365
0.273731
0.210570
0.146975
0.085802
0.028670
-0.023925
-0.072419
-0.117891
-0.161623
-0.204590
-0.247055
-0.288468
-0.327672
-0.363229
-0.393595
-0.417050
-0.431470
-0.434148
-0.421990
-0.392442
-0.345017
-0.282415
-0.210068
-0.134387
-0.061075
0.005635
0.062989
0.109454
0.144494
0.168400
0.182131
0.187164
0.185396
0.179154
0.171256
0.165050
0.164221
0.172204
0.191210
0.221091
0.258297
0.295628
0.324189
0.337363
0.333528
0.315391
0.287633
0.255074
0.221810
0.190939
0.164481
0.143301
0.126995
0.113813
0.100752
0.083983
0.059778
0.025985
-0.016610
-0.064363
-0.112428
-0.156424
-0.193069
-0.220121
-0.236224
-0.240924
-0.234762
-0.219238
-0.196521
-0.168935
-0.138375
-0.105799
-0.070924
-0.032331
0.011682
0.061422
0.114419
0.166115
0.212276
0.250725
0.281458
0.305920
0.326227
0.344551
0.362659
0.381622
0.401695
0.422384
0.442630
0.460964
0.475447
0.483321
0.480751
0.463646
0.429873
0.380801
0.320438
0.253444
0.183794
0.114314
0.046724
-0.018096
-0.079786
-0.138207
-0.193241
-0.244715
-0.292409
-0.336094
-0.375526
-0.410382
-0.440131
-0.463882
-0.480198
-0.486893
-0.480931
-0.458819
-0.417912
-0.358462
-0.284919
-0.204974
-0.126842
-0.056892
0.001211
0.046143
0.078131
0.098265
0.108048
0.109195
0.103587
0.093348
0.080977
0.069492
0.062472
0.063771
0.076761
0.103168
0.141790
0.187521
0.232000
0.267036
0.288492
0.297007
0.296045
0.289808
0.282104
0.275895
0.273128
0.274650
0.280173
0.288331
0.296806
0.302417
0.301113
0.288346
0.260689
0.218295
0.165467
0.108316
0.052185
0.000628
-0.044549
-0.082952
-0.115233
-0.142740
-0.167120
-0.189916
-0.212220
-0.234434
-0.256186
-0.276307
-0.292761
-0.302511
-0.301573
-0.285757
-0.252420
-0.202423
-0.140428
-0.072915
-0.005687
0.057383
0.114284
0.164245
0.207135
0.243081
0.272309
0.295142
0.312086
0.323968
0.332098
0.338431
0.345573
0.356375
0.372862
0.394682
0.417886
0.435391
0.439815
0.426842
0.396338
0.351139
0.295332
0.233092
0.168109
0.103364
0.041051
-0.017414
-0.071381
-0.120945
-0.166859
-0.210264
-0.252157
-0.292823
-0.331612
-0.367224
-0.398136
-0.422755
-0.439243
-0.445239
-0.437763
-0.413707
-0.371236
-0.311582
-0.239669
-0.162622
-0.087304
-0.018739
0.040114
0.087851
0.124078
0.149112
0.163849
0.169678
0.168396
0.162183
0.153649
0.145906
0.142529
0.147176
0.162738
0.190126
0.226987
0.267034
0.301409
0.322502
0.327296
0.317418
0.297017
0.270785
0.242908
0.216664
0.194294
0.176927
0.164472
0.155543
0.147460
0.136482
0.118436
0.090038
0.050676
0.003211
-0.047334
-0.095921
-0.138678
-0.173031
-0.197512
-0.211641
-0.215894
-0.211622
-0.200802
-0.185612
-0.167917
-0.148766
-0.127971
-0.103896
-0.073722
-0.034679
0.013762
0.068420
0.123717
0.174645
0.218578
0.255215
0.285714
0.311822
0.335254
0.357316
0.378766
0.399843
0.420430
0.440227
0.458822
0.475515
0.488759
0.495366
0.490517
0.469864
0.432300
0.380324
0.318172
0.250048
0.179320
0.108395
0.038887
-0.028141
-0.091972
-0.152106
-0.208205
-0.260070
-0.307613
-0.350804
-0.389564
-0.423642
-0.452503
-0.475232
-0.490394
-0.495818
-0.488460
-0.464760
-0.421984
-0.360455
-0.285063
-0.204138
-0.126284
-0.057779
-0.001890
0.040487
0.069897
0.087608
0.095207
0.094453
0.087268
0.075814
0.062626
0.050753
0.043790
0.045612
0.059590
0.087376
0.127560
0.174755
0.220523
0.257001
0.280507
0.291908
0.294618
0.292658
0.289618
0.288222
0.290168
0.296051
0.305393
0.316762
0.327939
0.335956
0.336948
0.326337
0.300408
0.258971
0.206146
0.148015
0.089956
0.035552
-0.013390
-0.056476
-0.094329
-0.128177
-0.159441
-0.189343
-0.218629
-0.247434
-0.275289
-0.301144
-0.323317
-0.339322
-0.345783
-0.338768
-0.314935
-0.273310
-0.216485
-0.149922
-0.079820
-0.011302
0.052223
0.108826
0.157558
0.198054
0.230314
0.254628
0.271584
0.282121
0.287633
0.290106
0.292211
0.297150
0.308004
0.326551
0.351866
0.379376
0.401492
0.410477
0.401870
0.375661
0.334993
0.284274
0.227897
0.169631
0.112413
0.058300
0.008465
-0.036831
-0.078254
-0.117279
-0.155744
-0.195058
-0.235434
-0.275694
-0.313798
-0.347537
-0.374824
-0.393564
-0.401415
-0.395769
-0.374266
-0.335864
-0.281953
-0.216518
-0.145017
-0.072811
-0.004159
0.057923
0.111377
0.154843
0.187668
0.210012
0.222835
0.227759
0.226932
0.222976
0.218958
0.218265
0.224194
0.239196
0.263856
0.295833
0.329258
0.355765
0.367739
0.361687
0.338889
0.303600
0.260913
0.215463
0.170897
0.129749
0.093415
0.062123
0.034894
0.009610
-0.016634
-0.046749
-0.082516
-0.123598
-0.167516
-0.210704
-0.249668
-0.281475
-0.303684
-0.314221
-0.311515
-0.294911
-0.265093
-0.224112
-0.174885
-0.120419
-0.063190
-0.004937
0.053067
0.109377
0.161846
0.207838
0.245219
0.273195
0.292425
0.304675
0.312419
0.318502
0.325783
0.336672
0.352587
0.373449
0.397312
0.420293
0.437022
0.441788
0.430219
0.400852
0.355631
0.298920
0.235797
0.170748
0.107094
0.046889
-0.008979
-0.060605
-0.108788
-0.154640
-0.199113
-0.242605
-0.284806
-0.324825
-0.361458
-0.393368
-0.419055
-0.436654
-0.443696
-0.437114
-0.413860
-0.372338
-0.313956
-0.243414
-0.167263
-0.091902
-0.022331
0.038132
0.087633
0.125479
0.151876
0.167713
0.174380
0.173660
0.167720
0.159175
0.151182
0.147370
0.151422
0.166219
0.192704
0.228745
0.268413
0.302995
0.324532
0.329480
0.319201
0.297865
0.270301
0.240836
0.212874
0.188775
0.169782
0.155905
0.145824
0.136896
0.125413
0.107249
0.079130
0.040332
-0.006496
-0.056478
-0.104588
-0.146883
-0.180691
-0.204429
-0.217493
-0.220256
-0.214017
-0.200771
-0.182774
-0.162011
-0.139664
-0.115685
-0.088603
-0.055833
-0.014926
0.034316
0.088580
0.142458
0.191318
0.232915
0.267239
0.295642
0.320000
0.342104
0.363291
0.384279
0.405206
0.425791
0.445523
0.463724
0.479336
0.490345
0.493146
0.482997
0.456406
0.413436
0.357346
0.292582
0.223221
0.152365
0.082126
0.013842
-0.051654
-0.113814
-0.172248
-0.226672
-0.276900
-0.322833
-0.364400
-0.401460
-0.433679
-0.460404
-0.480548
-0.492408
-0.493461
-0.480374
-0.449702
-0.399641
-0.332204
-0.253817
-0.173217
-0.098288
-0.034174
0.016817
0.054400
0.079437
0.093341
0.097769
0.094533
0.085624
0.073325
0.060348
0.049962
0.045927
0.052040
0.071164
0.103932
0.147475
0.194989
0.237713
0.269061
0.287216
0.294300
0.294161
0.290764
0.287420
0.286505
0.289326
0.296091
0.305948
0.317140
0.327141
0.332614
0.329322
0.312755
0.280329
0.233684
0.178099
0.119625
0.062984
0.011031
-0.035027
-0.075244
-0.110539
-0.142293
-0.171931
-0.200567
-0.228763
-0.256439
-0.282899
-0.306831
-0.326199
-0.338082
-0.338722
-0.324212
-0.292038
-0.242838
-0.180800
-0.112068
-0.042503
0.023609
0.083684
0.136394
0.181168
0.217860
0.246609
0.267813
0.282173
0.290775
0.295219
0.297758
0.301307
0.309085
0.323681
0.345685
0.372379
0.397449
0.412819
0.412173
0.393428
0.358427
0.311135
0.256027
0.197200
0.138004
0.080934
0.027616
-0.021202
-0.065669
-0.106805
-0.146242
-0.185613
-0.225743
-0.266135
-0.305171
-0.340775
-0.370892
-0.393520
-0.406469
-0.407190
-0.393003
-0.361951
-0.314100
-0.252344
-0.181864
-0.108508
-0.037321
0.028040
0.085142
0.132434
0.169082
0.195010
0.210924
0.218212
0.218807
0.215114
0.210000
0.206755
0.208843
0.219298
0.239783
0.269472
0.304093
0.336038
0.356756
0.360580
0.346788
0.318596
0.280906
0.238608
0.195780
0.155434
0.119465
0.088617
0.062422
0.039182
0.016152
-0.009903
-0.041667
-0.080021
-0.123375
-0.168290
-0.210871
-0.247724
-0.276130
-0.293903
-0.299356
-0.291550
-0.270670
-0.238184
-0.196559
-0.148602
-0.096782
-0.042813
0.012327
0.067886
0.122494
0.173677
0.218467
0.254709
0.281842
0.300816
0.313625
0.322858
0.331299
0.341516
0.355379
0.373601
0.395389
0.418297
0.438367
0.450661
0.450205
0.433346
0.399164
0.349966
0.290248
0.224986
0.158423
0.093576
0.032211
-0.025021
-0.078326
-0.128440
-0.176213
-0.222217
-0.266513
-0.308634
-0.347759
-0.382891
-0.412899
-0.436402
-0.451529
-0.455696
-0.445686
-0.418424
-0.372591
-0.310205
-0.236675
-0.159056
-0.083928
-0.016192
0.041144
0.086667
0.120162
0.142251
0.154126
0.157359
0.153842
0.145817
0.135986
0.127605
0.124394
0.130035
0.147233
0.176534
0.215177
0.256551
0.291725
0.313386
0.319055
0.310812
0.292996
0.270256
0.246620
0.225175
0.207958
0.195868
0.188553
0.184349
0.180331
0.172567
0.156728
0.129408
0.090008
0.041611
-0.010431
-0.060807
-0.105525
-0.142059
-0.169144
-0.186596
-0.195205
-0.196556
-0.192726
-0.185840
-0.177581
-0.168717
-0.158734
-0.145616
-0.125987
-0.096045
-0.053703
-0.000786
0.057240
0.114200
0.165889
0.210708
0.248947
0.281819
0.310724
0.336827
0.360901
0.383357
0.404381
0.424090
0.442651
0.460261
0.476842
0.491212
0.500000
0.497801
0.479817
0.444744
0.394839
0.334016
0.266242
0.194853
0.122439
0.050945
-0.018196
-0.083965
-0.145685
-0.202979
-0.255715
-0.303936
-0.347751
-0.387185
-0.422041
-0.451821
-0.475701
-0.492412
-0.500000
-0.495603
-0.475593
-0.436684
-0.378239
-0.304354
-0.223270
-0.144084
-0.073672
-0.015722
0.028643
0.059858
0.079131
0.088015
0.088240
0.081696
0.070484
0.057037
0.044270
0.035669
0.035131
0.046302
0.071372
0.109676
0.156628
0.204211
0.244166
0.271862
0.287323
0.293527
0.294382
0.293523
0.293792
0.297020
0.303960
0.314300
0.326802
0.339483
0.349681
0.353872
0.347594
0.326569
0.289363
0.239030
0.181403
0.122180
0.065419
0.013349
-0.033308
-0.074926
-0.112545
-0.147453
-0.180791
-0.213277
-0.245076
-0.275816
-0.304639
-0.330172
-0.350377
-0.362388
-0.362607
-0.347385
-0.314468
-0.264579
-0.201769
-0.131979
-0.061030
0.006615
0.068056
0.121635
0.166539
0.202522
0.229762
0.248805
0.260554
0.266323
0.267944
0.267896
0.269292
0.275512
0.289322
0.311612
0.340142
0.369015
0.390012
0.395994
0.383938
0.355185
0.313643
0.263932
0.210325
0.156314
0.104494
0.056537
0.013172
-0.025889
-0.061939
-0.097034
-0.133319
-0.172061
-0.212910
-0.253991
-0.292713
-0.326528
-0.353141
-0.370338
-0.375804
-0.367259
-0.343071
-0.303180
-0.249683
-0.186516
-0.118340
-0.049435
0.016810
0.077802
0.131432
0.175992
0.210414
0.234570
0.249312
0.256283
0.257728
0.256372
0.255319
0.257816
0.266755
0.283917
0.309072
0.339130
0.367900
0.387419
0.391004
0.376045
0.344355
0.300445
0.249512
0.196189
0.144032
0.095424
0.051582
0.012590
-0.022559
-0.055772
-0.089391
-0.125408
-0.164611
-0.206115
-0.247689
-0.286568
-0.320092
-0.345817
-0.361359
-0.364320
-0.352613
-0.325211
-0.282914
-0.228489
-0.165942
-0.099436
-0.032538
0.031936
0.091659
0.144514
0.188637
0.222824
0.246878
0.261657
0.268865
0.270853
0.270476
0.270928
0.275400
0.286485
0.305418
0.331264
0.360299
0.386074
0.400975
0.399116
0.378675
0.341958
0.293670
0.239013
0.182527
0.127630
0.076538
0.030292
-0.011196
-0.049044
-0.085124
-0.121514
-0.159734
-0.200072
-0.241392
-0.281576
-0.318197
-0.348910
-0.371421
-0.383301
-0.381973
-0.365184
-0.331953
-0.283478
-0.223185
-0.155754
-0.085853
-0.017362
0.046719
0.104029
0.152675
0.191339
0.219537
0.237724
0.247200
0.249929
0.248430
0.245710
0.245114
0.249934
0.262718
0.284379
0.313289
0.344651
0.370939
0.384266
0.379747
0.357202
0.320160
0.273715
0.222865
0.171714
0.123226
0.079199
0.040270
0.005899
-0.025548
-0.056484
-0.089431
-0.126062
-0.166392
-0.208656
-0.250022
-0.287501
-0.318393
-0.340241
-0.350681
-0.347536
-0.329337
-0.296061
-0.249548
-0.193141
-0.130740
-0.065903
-0.001457
0.060357
0.117474
0.167778
0.209362
0.241103
0.263029
0.276261
0.282760
0.285097
0.286275
0.289460
0.297524
0.312378
0.334239
0.360962
0.387733
0.407705
0.414012
0.402401
0.372714
0.328291
0.274161
0.215378
0.156110
0.099328
0.046785
-0.000915
-0.044226
-0.084463
-0.123398
-0.162651
-0.203028
-0.244149
-0.284582
-0.322353
-0.355385
-0.381603
-0.398761
-0.404270
-0.395361
-0.369851
-0.327367
-0.270197
-0.202901
-0.130912
-0.059189
0.008395
0.069009
0.120635
0.161984
0.192556
0.212698
0.223515
0.226735
0.224609
0.219896
0.215835
0.215943
0.223474
0.240558
0.267187
0.300264
0.333261
0.357664
0.366438
0.357053
0.331577
0.294620
0.251292
0.206075
0.162421
0.122661
0.087980
0.058353
0.032511
0.008049
-0.018110
-0.048818
-0.085513
-0.127376
-0.171563
-0.214386
-0.252386
-0.282699
-0.302940
-0.311120
-0.305840
-0.286737
-0.254838
-0.212461
-0.162610
-0.108190
-0.051453
0.006106
0.063373
0.118907
0.170454
0.215329
0.251492
0.278331
0.296683
0.308448
0.316181
0.322748
0.330941
0.342987
0.360012
0.381567
0.405338
0.427184
0.441709
0.443457
0.428524
0.395978
0.348184
0.289685
0.225516
0.159999
0.096253
0.036139
-0.019625
-0.071253
-0.119593
-0.165706
-0.210415
-0.253960
-0.295913
-0.335351
-0.371100
-0.401863
-0.426145
-0.442019
-0.446907
-0.437647
-0.411256
-0.366482
-0.305304
-0.232937
-0.156157
-0.081296
-0.013127
0.045307
0.092419
0.127761
0.151739
0.165386
0.170191
0.168008
0.161067
0.152066
0.144250
0.141311
0.146895
0.163675
0.192190
0.229709
0.269696
0.303248
0.322951
0.326163
0.314889
0.293507
0.266781
0.238864
0.212959
0.191221
0.174668
0.163069
0.154852
0.147154
0.136101
0.117526
0.088330
0.048215
0.000313
-0.050249
-0.098454
-0.140498
-0.173885
-0.197235
-0.210176
-0.213309
-0.208111
-0.196656
-0.181165
-0.163478
-0.144543
-0.124010
-0.100066
-0.069775
-0.030403
0.018357
0.073076
0.128103
0.178557
0.221991
0.258247
0.288550
0.314650
0.338215
0.360477
0.382111
0.403290
0.423859
0.443514
0.461845
0.478135
0.490768
0.496440
0.490298
0.468166
0.429228
0.376169
0.313256
0.244635
0.173595
0.102483
0.032878
-0.034168
-0.097935
-0.157922
-0.213794
-0.265361
-0.312554
-0.355352
-0.393683
-0.427291
-0.455628
-0.477752
-0.492185
-0.496685
-0.488133
-0.462943
-0.418509
-0.355487
-0.279172
-0.198109
-0.120825
-0.053349
0.001301
0.042416
0.070644
0.087304
0.094009
0.092532
0.084808
0.073022
0.059741
0.048056
0.041606
0.044269
0.059340
0.088283
0.129384
0.176934
0.222389
0.258136
0.280908
0.291858
0.294489
0.292796
0.290286
0.289587
0.292287
0.298881
0.308797
0.320540
0.331855
0.339737
0.340271
0.328864
0.301937
0.259596
0.206186
0.147805
0.089717
0.035370
-0.013544
-0.056716
-0.094818
-0.129089
-0.160915
-0.191458
-0.221386
-0.250766
-0.279081
-0.305255
-0.327590
-0.343595
-0.349898
-0.342604
-0.318436
-0.276489
-0.219395
-0.152603
-0.082284
-0.013553
0.050157
0.106873
0.155607
0.195969
0.227955
0.251873
0.268344
0.278351
0.283332
0.285320
0.287034
0.291707
0.302444
0.321040
0.346599
0.374592
0.397432
0.407306
0.399635
0.374328
0.334515
0.284624
0.229073
0.171652
0.115309
0.062103
0.013200
-0.031162
-0.071694
-0.109938
-0.147812
-0.186798
-0.227138
-0.267625
-0.306141
-0.340394
-0.368232
-0.387539
-0.395988
-0.391030
-0.370377
-0.333025
-0.280305
-0.216034
-0.145460
-0.073779
-0.005169
0.057353
0.111656
0.156254
0.190342
0.213946
0.227933
0.233877
0.233903
0.230614
0.227058
0.226589
0.232468
0.247127
0.271189
0.302428
0.335165
0.361182
0.372820
0.366357
0.342854
0.306476
0.262343
0.215163
0.168664
0.125444
0.086963
0.053519
0.024222
-0.002927
-0.030689
-0.061830
-0.098039
-0.139009
-0.182422
-0.224911
-0.263142
-0.294265
-0.315835
-0.325692
-0.322100
-0.304217
-0.272593
-0.229287
-0.177362
-0.120068
-0.060170
0.000280
0.059675
0.116303
0.167954
0.212216
0.247345
0.272904
0.289783
0.299868
0.305698
0.310188
0.316290
0.326518
0.342371
0.363754
0.388523
0.412372
0.429380
0.433476
0.420452
0.389488
0.343214
0.286340
0.223952
0.160378
0.098742
0.040921
-0.012362
-0.061370
-0.107093
-0.150837
-0.193715
-0.236187
-0.277870
-0.317696
-0.354236
-0.385937
-0.411112
-0.427734
-0.433220
-0.424524
-0.398881
-0.355261
-0.295668
-0.225048
-0.149719
-0.075587
-0.007187
0.052432
0.101483
0.139198
0.165674
0.181716
0.188685
0.188388
0.183055
0.175395
0.168648
0.166455
0.172364
0.188926
0.216576
0.252549
0.290356
0.321176
0.337578
0.336821
0.320869
0.294179
0.261658
0.227606
0.195353
0.167164
0.144168
0.126253
0.111968
0.098570
0.082372
0.059562
0.027572
-0.013454
-0.060384
-0.108510
-0.153318
-0.191321
-0.220074
-0.238017
-0.244460
-0.239692
-0.225002
-0.202456
-0.174411
-0.142927
-0.109233
-0.073373
-0.034229
0.009784
