0.108794
0.124461
0.139213
0.152849
0.165183
0.176050
0.185304
0.192822
0.198510
0.202297
0.204143
0.204036
0.201995
0.198065
0.192324
0.184874
0.175843
0.165386
0.153676
0.140908
0.127291
0.113047
0.098407
0.083607
0.068887
0.054481
0.040619
0.027520
0.015392
0.004422
-0.005221
-0.013392
-0.019970
-0.024864
-0.028014
-0.029388
-0.028988
-0.026848
-0.023034
-0.017644
-0.010804
-0.002673
0.006567
0.016710
0.027527
0.038773
0.050188
0.061504
0.072444
0.082733
0.092096
0.100266
0.106989
0.112023
0.115150
0.116172
0.114920
0.111255
0.105070
0.096292
0.084887
0.070859
0.054249
0.035138
0.013645
-0.010071
-0.035819
-0.063371
-0.092468
-0.122823
-0.154124
-0.186037
-0.218214
-0.250290
-0.281896
-0.312657
-0.342204
-0.370171
-0.396206
-0.419972
-0.441154
-0.459462
-0.474636
-0.486449
-0.494709
-0.499263
-0.500000
-0.496851
-0.489791
-0.478839
-0.464058
-0.445557
-0.423483
-0.398026
-0.369416
-0.337916
-0.303820
-0.267454
-0.229167
-0.189326
-0.148316
-0.106532
-0.064376
-0.022248
0.019454
0.060339
0.100033
0.138178
0.174437
0.208500
0.240087
0.268949
0.294870
0.317675
0.337224
0.353418
0.366196
0.375539
0.381467
0.384035
0.383339
0.379505
0.372695
0.363098
0.350929
0.336425
0.319844
0.301457
0.281546
0.260402
0.238315
0.215579
0.192479
0.169294
0.146290
0.123719
0.101813
0.080787
0.060829
0.042107
0.024762
0.008906
-0.005371
-0.018010
-0.028977
-0.038264
-0.045887
-0.051886
-0.056322
-0.059275
-0.060843
-0.061138
-0.060283
-0.058410
-0.055660
-0.052175
-0.048099
-0.043573
-0.038736
-0.033719
-0.028643
-0.023623
-0.018757
-0.014133
-0.009824
-0.005888
-0.002366
0.000713
0.003336
0.005507
0.007239
0.008561
0.009511
0.010136
0.010491
0.010638
0.010641
0.010567
0.010481
0.010447
0.010526
0.010770
0.011226
0.011931
0.012912
0.014184
0.015752
0.017605
0.019723
0.022071
0.024603
0.027262
0.029978
0.032675
0.035267
0.037662
0.039765
0.041476
0.042696
0.043330
0.043284
0.042470
0.040812
0.038240
0.034699
0.030147
0.024558
0.017921
0.010245
0.001556
-0.008101
-0.018662
-0.030044
-0.042148
-0.054856
-0.068034
-0.081537
-0.095203
-0.108865
-0.122345
-0.135461
-0.148028
-0.159862
-0.170783
-0.180617
-0.189197
-0.196373
-0.202004
-0.205971
-0.208173
-0.208531
-0.206990
-0.203518
-0.198113
-0.190796
-0.181619
-0.170658
-0.158018
-0.143829
-0.128244
-0.111441
-0.093618
-0.074990
-0.055788
-0.036256
-0.016646
0.002784
0.021774
0.040065
0.057406
0.073553
0.088276
0.101361
0.112613
0.121862
0.128962
0.133795
0.136273
0.136341
0.133975
0.129186
0.122019
0.112552
0.100896
0.087195
0.071622
0.054377
0.035688
0.015803
-0.005009
-0.026464
-0.048267
-0.070115
-0.091700
-0.112715
-0.132861
-0.151845
-0.169387
-0.185228
-0.199126
-0.210864
-0.220256
-0.227143
-0.231399
-0.232933
-0.231690
-0.227651
-0.220835
-0.211297
-0.199127
-0.184453
-0.167433
-0.148256
-0.127143
-0.104334
-0.080096
-0.054712
-0.028479
-0.001703
0.025303
0.052226
0.078755
0.104587
0.129432
0.153015
0.175081
0.195396
0.213755
0.229980
0.243926
0.255480
0.264562
0.271131
0.275177
0.276727
0.275844
0.272622
0.267187
0.259695
0.250326
0.239285
0.226798
0.213105
0.198460
0.183125
0.167365
0.151446
0.135629
0.120167
0.105300
0.091253
0.078229
0.066410
0.055953
0.046985
0.039603
0.033874
0.029833
0.027479
0.026783
0.027679
0.030073
0.033841
0.038831
0.044867
0.051750
0.059262
0.067173
0.075237
0.083203
0.090818
0.097828
0.103984
0.109048
0.112794
0.115012
0.115515
0.114138
0.110743
0.105223
0.097499
0.087529
0.075302
0.060843
0.044211
0.025500
0.004837
-0.017618
-0.041676
-0.067121
-0.093709
-0.121178
-0.149246
-0.177615
-0.205980
-0.234026
-0.261438
-0.287902
-0.313113
-0.336772
-0.358599
-0.378329
-0.395723
-0.410563
-0.422662
-0.431862
-0.438039
-0.441103
-0.440999
-0.437709
-0.431250
-0.421677
-0.409079
-0.393577
-0.375328
-0.354515
-0.331351
-0.306072
-0.278934
-0.250214
-0.220201
-0.189192
-0.157495
-0.125417
-0.093264
-0.061337
-0.029928
0.000684
0.030236
0.058482
0.085200
0.110191
0.133280
0.154321
0.173197
0.189817
0.204123
0.216083
0.225695
0.232984
0.238003
0.240826
0.241552
0.240300
0.237207
0.232423
0.226113
0.218450
0.209613
0.199785
0.189151
0.177891
0.166182
0.154194
0.142086
0.130008
0.118093
0.106464
0.095225
0.084464
0.074255
0.064650
0.055690
0.047395
0.039772
0.032813
0.026499
0.020796
0.015662
0.011049
0.006900
0.003156
-0.000245
-0.003364
-0.006260
-0.008990
-0.011604
-0.014144
-0.016645
-0.019133
-0.021623
-0.024119
-0.026614
-0.029091
-0.031521
-0.033866
-0.036077
-0.038097
-0.039864
-0.041308
-0.042357
-0.042935
-0.042968
-0.042384
-0.041113
-0.039094
-0.036270
-0.032599
-0.028047
-0.022593
-0.016235
-0.008981
-0.000859
0.008085
0.017791
0.028178
0.039150
0.050595
0.062384
0.074375
0.086415
0.098339
0.109975
0.121144
0.131665
0.141357
0.150042
0.157546
0.163704
0.168363
0.171383
0.172644
0.172041
0.169493
0.164944
0.158359
0.149735
0.139092
0.126481
0.111981
0.095698
0.077767
0.058348
0.037626
0.015808
-0.006875
-0.030180
-0.053844
-0.077595
-0.101154
-0.124237
-0.146558
-0.167838
-0.187804
-0.206194
-0.222763
-0.237284
-0.249554
-0.259395
-0.266658
-0.271225
-0.273012
-0.271971
-0.268090
-0.261392
-0.251941
-0.239836
-0.225212
-0.208239
-0.189121
-0.168091
-0.145413
-0.121371
-0.096273
-0.070444
-0.044220
-0.017947
0.008026
0.033350
0.057683
0.080694
0.102064
0.121495
0.138715
0.153474
0.165559
0.174785
0.181010
0.184125
0.184066
0.180808
0.174370
0.164811
0.152234
0.136782
0.118634
0.098009
0.075158
0.050360
0.023926
-0.003816
-0.032517
-0.061813
-0.091333
-0.120702
-0.149546
-0.177496
-0.204194
-0.229298
-0.252485
-0.273457
-0.291944
-0.307707
-0.320541
-0.330278
-0.336791
-0.339989
-0.339828
-0.336300
-0.329443
-0.319333
-0.306087
-0.289856
-0.270831
-0.249230
-0.225304
-0.199327
-0.171594
-0.142419
-0.112127
-0.081052
-0.049531
-0.017902
0.013507
0.044372
0.074387
0.103263
0.130731
0.156548
0.180500
0.202398
0.222091
0.239456
0.254407
0.266891
0.276891
0.284421
0.289531
0.292299
0.292834
0.291270
0.287765
0.282498
0.275665
0.267475
0.258149
0.247911
0.236990
0.225611
0.213997
0.202359
0.190897
0.179797
0.169225
0.159327
0.150229
0.142029
0.134801
0.128595
0.123432
0.119308
0.116191
0.114027
0.112737
0.112221
0.112359
0.113016
0.114039
0.115269
0.116533
0.117659
0.118469
0.118790
0.118452
0.117294
0.115167
0.111936
0.107483
0.101710
0.094537
0.085912
0.075802
0.064204
0.051135
0.036642
0.020795
0.003689
-0.014558
-0.033806
-0.053897
-0.074654
-0.095885
-0.117387
-0.138947
-0.160347
-0.181364
-0.201777
-0.221368
-0.239927
-0.257252
-0.273155
-0.287465
-0.300024
-0.310701
-0.319382
-0.325978
-0.330427
-0.332690
-0.332755
-0.330638
-0.326376
-0.320037
-0.311709
-0.301503
-0.289552
-0.276007
-0.261033
-0.244812
-0.227535
-0.209402
-0.190618
-0.171389
-0.151920
-0.132416
-0.113070
-0.094069
-0.075589
-0.057790
-0.040818
-0.024798
-0.009841
0.003965
0.016552
0.027874
0.037903
0.046636
0.054085
0.060284
0.065285
0.069153
0.071970
0.073828
0.074830
0.075086
0.074712
0.073826
0.072545
0.070985
0.069259
0.067470
0.065715
0.064078
0.062634
0.061442
0.060549
0.059984
0.059764
0.059886
0.060337
0.061086
0.062089
0.063290
0.064620
0.066003
0.067355
0.068584
0.069598
0.070302
0.070603
0.070412
0.069645
0.068228
0.066095
0.063195
0.059488
0.054952
0.049581
0.043385
0.036395
0.028658
0.020241
0.011227
0.001720
-0.008165
-0.018295
-0.028527
-0.038704
-0.048663
-0.058236
-0.067250
-0.075533
-0.082915
-0.089233
-0.094332
-0.098069
-0.100315
-0.100959
-0.099910
-0.097097
-0.092475
-0.086022
-0.077744
-0.067675
-0.055875
-0.042434
-0.027466
-0.011114
0.006455
0.025050
0.044460
0.064455
0.084789
0.105202
0.125429
0.145196
0.164228
0.182253
0.199005
0.214228
0.227681
0.239139
0.248400
0.255286
0.259648
0.261364
0.260349
0.256549
0.249948
0.240566
0.228460
0.213723
0.196486
0.176914
0.155205
0.131590
0.106325
0.079693
0.052000
0.023568
-0.005267
-0.034161
-0.062763
-0.090724
-0.117699
-0.143353
-0.167365
-0.189433
-0.209278
-0.226649
-0.241324
-0.253115
-0.261873
-0.267485
-0.269882
-0.269033
-0.264955
-0.257702
-0.247376
-0.234116
-0.218103
-0.199554
-0.178721
-0.155887
-0.131364
-0.105486
-0.078608
-0.051098
-0.023333
0.004303
0.031428
0.057666
0.082650
0.106030
0.127476
0.146683
0.163373
0.177303
0.188265
0.196087
0.200640
0.201839
0.199639
0.194042
0.185091
0.172876
0.157526
0.139212
0.118142
0.094560
0.068740
0.040987
0.011627
-0.018992
-0.050508
-0.082549
-0.114737
-0.146694
-0.178045
-0.208425
-0.237483
-0.264886
-0.290322
-0.313505
-0.334180
-0.352122
-0.367141
-0.379084
-0.387834
-0.393316
-0.395490
-0.394358
-0.389959
-0.382368
-0.371697
-0.358089
-0.341721
-0.322792
-0.301531
-0.278183
-0.253014
-0.226302
-0.198332
-0.169396
-0.139789
-0.109799
-0.079712
-0.049802
-0.020330
0.008461
0.036343
0.063113
0.088589
0.112616
0.135062
0.155824
0.174824
0.192011
0.207362
0.220877
0.232579
0.242515
0.250750
0.257370
0.262471
0.266167
0.268579
0.269835
0.270069
0.269414
0.268003
0.265965
0.263423
0.260490
0.257270
0.253853
0.250317
0.246724
0.243120
0.239536
0.235986
0.232469
0.228968
0.225452
0.221877
0.218187
0.214316
0.210191
0.205732
0.200856
0.195478
0.189515
0.182887
0.175519
0.167343
0.158302
0.148352
0.137460
0.125609
0.112796
0.099038
0.084367
0.068833
0.052504
0.035463
0.017812
-0.000335
-0.018847
-0.037583
-0.056392
-0.075115
-0.093585
-0.111635
-0.129095
-0.145799
-0.161583
-0.176292
-0.189781
-0.201915
-0.212575
-0.221658
-0.229080
-0.234775
-0.238699
-0.240830
-0.241168
-0.239737
-0.236581
-0.231769
-0.225390
-0.217552
-0.208382
-0.198026
-0.186642
-0.174401
-0.161485
-0.148081
-0.134381
-0.120579
-0.106867
-0.093432
-0.080454
-0.068102
-0.056534
-0.045891
-0.036297
-0.027857
-0.020656
-0.014755
-0.010194
-0.006987
-0.005128
-0.004585
-0.005303
-0.007207
-0.010201
-0.014170
-0.018983
-0.024494
-0.030545
-0.036970
-0.043596
-0.050249
-0.056751
-0.062931
-0.068622
-0.073667
-0.077920
-0.081251
-0.083545
-0.084707
-0.084664
-0.083364
-0.080779
-0.076904
-0.071760
-0.065392
-0.057869
-0.049282
-0.039744
-0.029389
-0.018367
-0.006846
0.004996
0.016970
0.028880
0.040526
0.051709
0.062233
0.071907
0.080552
0.088002
0.094106
0.098732
0.101772
0.103139
0.102773
0.100640
0.096736
0.091083
0.083735
0.074774
0.064307
0.052470
0.039426
0.025356
0.010466
-0.005023
-0.020875
-0.036842
-0.052670
-0.068101
-0.082876
-0.096742
-0.109454
-0.120778
-0.130496
-0.138411
-0.144347
-0.148155
-0.149713
-0.148932
-0.145752
-0.140151
-0.132138
-0.121760
-0.109096
-0.094263
-0.077408
-0.058711
-0.038380
-0.016652
0.006216
0.029944
0.054236
0.078785
0.103275
0.127387
0.150801
0.173204
0.194292
0.213777
0.231387
0.246873
0.260014
0.270617
0.278520
0.283598
0.285763
0.284963
0.281189
0.274468
0.264870
0.252501
0.237506
0.220067
0.200396
0.178740
0.155369
0.130581
0.104689
0.078026
0.050932
0.023756
-0.003153
-0.029451
-0.054798
-0.078872
-0.101365
-0.121992
-0.140493
-0.156639
-0.170231
-0.181108
-0.189144
-0.194254
-0.196392
-0.195555
-0.191779
-0.185141
-0.175757
-0.163784
-0.149410
-0.132858
-0.114382
-0.094261
-0.072795
-0.050306
-0.027126
-0.003599
0.019929
0.043108
0.065598
0.087065
0.107191
0.125674
0.142235
0.156623
0.168613
0.178014
0.184668
0.188455
0.189290
0.187129
0.181966
0.173832
0.162797
0.148970
0.132490
0.113533
0.092303
0.069032
0.043974
0.017406
-0.010380
-0.039080
-0.068380
-0.097964
-0.127514
-0.156717
-0.185266
-0.212867
-0.239242
-0.264128
-0.287287
-0.308502
-0.327583
-0.344366
-0.358719
-0.370537
-0.379745
-0.386302
-0.390192
-0.391432
-0.390064
-0.386157
-0.379807
-0.371128
-0.360257
-0.347346
-0.332563
-0.316086
-0.298104
-0.278809
-0.258397
-0.237063
-0.215001
-0.192399
-0.169436
-0.146283
-0.123100
-0.100031
-0.077209
-0.054751
-0.032758
-0.011316
0.009506
0.029653
0.049085
0.067778
0.085716
0.102899
0.119332
0.135033
0.150021
0.164322
0.177965
0.190977
0.203386
0.215216
0.226486
0.237209
0.247392
0.257033
0.266122
0.274638
0.282552
0.289825
0.296409
0.302248
0.307278
0.311428
0.314624
0.316787
0.317836
0.317691
0.316275
0.313513
0.309339
0.303693
0.296528
0.287805
0.277504
0.265617
0.252155
0.237147
0.220638
0.202697
0.183409
0.162882
0.141239
0.118626
0.095203
0.071146
0.046648
0.021912
-0.002850
-0.027417
-0.051565
-0.075066
-0.097695
-0.119232
-0.139464
-0.158188
-0.175214
-0.190370
-0.203503
-0.214481
-0.223196
-0.229566
-0.233535
-0.235078
-0.234197
-0.230926
-0.225328
-0.217495
-0.207546
-0.195632
-0.181924
-0.166620
-0.149938
-0.132113
-0.113399
-0.094056
-0.074358
-0.054580
-0.034998
-0.015887
0.002487
0.019867
0.036012
0.050697
0.063720
0.074900
0.084086
0.091154
0.096010
0.098593
0.098874
0.096860
0.092589
0.086132
0.077593
0.067107
0.054836
0.040969
0.025718
0.009317
-0.007985
-0.025925
-0.044230
-0.062622
-0.080822
-0.098552
-0.115545
-0.131540
-0.146295
-0.159584
-0.171204
-0.180976
-0.188749
-0.194404
-0.197850
-0.199032
-0.197929
-0.194552
-0.188948
-0.181198
-0.171415
-0.159741
-0.146350
-0.131439
-0.115229
-0.097961
-0.079893
-0.061294
-0.042441
-0.023615
-0.005099
0.012832
0.029909
0.045876
0.060497
0.073552
0.084847
0.094214
0.101515
0.106644
0.109526
0.110121
0.108427
0.104473
0.098324
0.090082
0.079876
0.067871
0.054256
0.039248
0.023084
0.006023
-0.011666
-0.029698
-0.047784
-0.065634
-0.082958
-0.099473
-0.114907
-0.129001
-0.141517
-0.152239
-0.160974
-0.167560
-0.171865
-0.173788
-0.173266
-0.170268
-0.164800
-0.156905
-0.146660
-0.134176
-0.119596
-0.103096
-0.084878
-0.065168
-0.044217
-0.022289
0.000332
0.023357
0.046487
0.069426
0.091878
0.113553
0.134175
0.153483
0.171234
0.187207
0.201208
0.213071
0.222661
0.229875
0.234645
0.236936
0.236749
0.234120
0.229121
0.221854
0.212455
0.201087
0.187941
0.173233
0.157196
0.140084
0.122161
0.103701
0.084984
0.066291
0.047897
0.030073
0.013078
-0.002846
-0.017474
-0.030601
-0.042051
-0.051670
-0.059337
-0.064960
-0.068480
-0.069869
-0.069133
-0.066311
-0.061473
-0.054719
-0.046180
-0.036012
-0.024396
-0.011535
0.002351
0.017026
0.032242
0.047742
0.063268
0.078559
0.093357
0.107414
0.120490
0.132358
0.142811
0.151660
0.158739
0.163904
0.167041
0.168060
0.166903
0.163537
0.157962
0.150203
0.140316
0.128383
0.114510
0.098828
0.081488
0.062661
0.042535
0.021309
-0.000807
-0.023593
-0.046827
-0.070287
-0.093750
-0.116999
-0.139825
-0.162028
-0.183421
-0.203832
-0.223104
-0.241099
-0.257697
-0.272798
-0.286323
-0.298212
-0.308427
-0.316947
-0.323773
-0.328921
-0.332426
-0.334335
-0.334710
-0.333623
-0.331156
-0.327398
-0.322442
-0.316384
-0.309321
-0.301347
-0.292556
-0.283035
-0.272864
-0.262117
-0.250859
-0.239144
-0.227018
-0.214515
-0.201662
-0.188472
-0.174953
-0.161101
-0.146907
-0.132357
-0.117429
-0.102103
-0.086353
-0.070159
-0.053499
-0.036358
-0.018727
-0.000606
0.017998
0.037064
0.056560
0.076441
0.096646
0.117101
0.137716
0.158387
0.178996
0.199409
0.219483
0.239062
0.257979
0.276062
0.293133
0.309011
0.323514
0.336462
0.347683
0.357009
0.364287
0.369374
0.372147
0.372500
0.370348
0.365633
0.358319
0.348399
0.335894
0.320856
0.303364
0.283530
0.261492
0.237419
0.211508
0.183980
0.155081
0.125077
0.094253
0.062909
0.031357
-0.000083
-0.031088
-0.061334
-0.090500
-0.118276
-0.144361
-0.168474
-0.190350
-0.209752
-0.226468
-0.240316
-0.251149
-0.258852
-0.263351
-0.264608
-0.262625
-0.257444
-0.249147
-0.237852
-0.223718
-0.206939
-0.187739
-0.166378
-0.143139
-0.118332
-0.092284
-0.065340
-0.037855
-0.010191
0.017288
0.044220
0.070254
0.095048
0.118279
0.139645
0.158867
0.175699
0.189924
0.201361
0.209868
0.215341
0.217717
0.216973
0.213131
0.206251
0.196435
0.183822
0.168591
0.150952
0.131147
0.109446
0.086143
0.061551
0.035997
0.009823
-0.016629
-0.043012
-0.068983
-0.094209
-0.118370
-0.141162
-0.162303
-0.181538
-0.198638
-0.213408
-0.225687
-0.235348
-0.242305
-0.246507
-0.247945
-0.246648
-0.242681
-0.236148
-0.227188
-0.215970
-0.202695
-0.187590
-0.170904
-0.152908
-0.133885
-0.114130
-0.093945
-0.073633
-0.053496
-0.033827
-0.014909
0.002990
0.019621
0.034757
0.048198
0.059771
0.069334
0.076776
0.082021
0.085026
0.085783
0.084319
0.080693
0.074998
0.067355
0.057916
0.046857
0.034376
0.020692
0.006040
-0.009334
-0.025175
-0.041224
-0.057220
-0.072908
-0.088038
-0.102373
-0.115690
-0.127783
-0.138467
-0.147580
-0.154987
-0.160577
-0.164271
-0.166017
-0.165794
-0.163609
-0.159499
-0.153530
-0.145795
-0.136409
-0.125513
-0.113266
-0.099846
-0.085445
-0.070266
-0.054519
-0.038420
-0.022186
-0.006030
0.009841
0.025227
0.039942
0.053815
0.066690
0.078433
0.088932
0.098096
0.105860
0.112182
0.117046
0.120462
0.122463
0.123105
0.122468
0.120651
0.117772
0.113965
0.109377
0.104168
0.098502
0.092553
0.086493
0.080494
0.074723
0.069343
0.064503
0.060341
0.056980
0.054527
0.053069
0.052672
0.053381
0.055220
0.058188
0.062264
0.067401
0.073534
0.080575
0.088418
0.096940
0.106003
0.115454
0.125131
0.134864
0.144479
0.153797
0.162642
0.170841
0.178227
0.184642
0.189940
0.193990
0.196673
0.197893
0.197569
0.195644
0.192081
0.186863
0.180000
0.171519
0.161471
0.149928
0.136981
0.122737
0.107321
0.090873
0.073543
0.055491
0.036883
0.017892
-0.001309
-0.020549
-0.039659
-0.058476
-0.076845
-0.094625
-0.111682
-0.127902
-0.143181
-0.157437
-0.170603
-0.182630
-0.193489
-0.203168
-0.211674
-0.219029
-0.225273
-0.230460
-0.234656
-0.237938
-0.240393
-0.242114
-0.243199
-0.243748
-0.243860
-0.243631
-0.243154
-0.242512
-0.241782
-0.241026
-0.240297
-0.239632
-0.239052
-0.238565
-0.238160
-0.237810
-0.237473
-0.237091
-0.236590
-0.235885
-0.234877
-0.233459
-0.231515
-0.228924
-0.225562
-0.221305
-0.216031
-0.209625
-0.201977
-0.192990
-0.182582
-0.170684
-0.157248
-0.142243
-0.125665
-0.107529
-0.087878
-0.066778
-0.044323
-0.020631
0.004153
0.029863
0.056306
0.083273
0.110531
0.137835
0.164924
0.191528
0.217371
0.242171
0.265651
0.287535
0.307557
0.325464
0.341018
0.354004
0.364227
0.371520
0.375747
0.376805
0.374622
0.369166
0.360442
0.348493
0.333400
0.315283
0.294302
0.270651
0.244558
0.216286
0.186125
0.154392
0.121427
0.087588
0.053247
0.018786
-0.015409
-0.048951
-0.081459
-0.112560
-0.141898
-0.169135
-0.193958
-0.216079
-0.235247
-0.251240
-0.263879
-0.273024
-0.278578
-0.280487
-0.278742
-0.273381
-0.264484
-0.252178
-0.236628
-0.218043
-0.196666
-0.172778
-0.146687
-0.118729
-0.089263
-0.058664
-0.027321
0.004370
0.036012
0.067208
0.097571
0.126726
0.154316
0.180007
0.203491
0.224489
0.242758
0.258091
0.270318
0.279314
0.284994
0.287316
0.286281
0.281935
0.274364
0.263695
0.250092
0.233756
0.214918
0.193841
0.170812
0.146137
0.120140
0.093158
0.065533
0.037611
0.009735
-0.017759
-0.044545
-0.070315
-0.094778
-0.117668
-0.138745
-0.157797
-0.174646
-0.189146
-0.201185
-0.210690
-0.217622
-0.221978
-0.223791
-0.223127
-0.220085
-0.214796
-0.207417
-0.198130
-0.187140
-0.174668
-0.160952
-0.146241
-0.130789
-0.114855
-0.098696
-0.082566
-0.066709
-0.051359
-0.036733
-0.023034
-0.010442
0.000886
0.010816
0.019239
0.026074
0.031267
0.034791
0.036645
0.036855
0.035473
0.032574
0.028253
0.022625
0.015825
0.007999
-0.000693
-0.010085
-0.020003
-0.030271
-0.040713
-0.051157
-0.061436
-0.071393
-0.080880
-0.089764
-0.097925
-0.105263
-0.111691
-0.117146
-0.121580
-0.124966
-0.127296
-0.128581
-0.128850
-0.128147
-0.126534
-0.124084
-0.120883
-0.117026
-0.112614
-0.107755
-0.102558
-0.097133
-0.091587
-0.086022
-0.080534
-0.075210
-0.070127
-0.065348
-0.060924
-0.056891
-0.053269
-0.050065
-0.047267
-0.044848
-0.042768
-0.040971
-0.039388
-0.037939
-0.036535
-0.035077
-0.033461
-0.031580
-0.029324
-0.026587
-0.023264
-0.019255
-0.014472
-0.008835
-0.002275
0.005259
0.013804
0.023379
0.033986
0.045604
0.058196
0.071703
0.086046
0.101128
0.116832
0.133027
0.149563
0.166278
0.183000
0.199545
0.215723
0.231343
0.246210
0.260132
0.272922
0.284400
0.294396
0.302757
0.309340
0.314026
0.316712
0.317320
0.315793
0.312101
0.306239
0.298227
0.288112
0.275967
0.261888
0.245997
0.228436
0.209370
0.188979
0.167462
0.145028
0.121899
0.098301
0.074466
0.050626
0.027009
0.003839
-0.018672
-0.040321
-0.060922
-0.080308
-0.098328
-0.114857
-0.129793
-0.143056
-0.154597
-0.164388
-0.172432
-0.178757
-0.183414
-0.186481
-0.188057
-0.188264
-0.187241
-0.185142
-0.182135
-0.178399
-0.174119
-0.169482
-0.164678
-0.159892
-0.155303
-0.151079
-0.147377
-0.144337
-0.142081
-0.140708
-0.140299
-0.140907
-0.142560
-0.145260
-0.148984
-0.153680
-0.159273
-0.165659
-0.172716
-0.180296
-0.188234
-0.196348
-0.204443
-0.212313
-0.219745
-0.226523
-0.232431
-0.237257
-0.240799
-0.242865
-0.243277
-0.241879
-0.238534
-0.233132
-0.225588
-0.215848
-0.203889
-0.189719
-0.173381
-0.154952
-0.134538
-0.112283
-0.088359
-0.062967
-0.036337
-0.008724
0.019598
0.048334
0.077178
0.105811
0.133909
0.161146
0.187201
0.211759
0.234516
0.255186
0.273502
0.289224
0.302138
0.312062
0.318850
0.322389
0.322610
0.319481
0.313010
0.303251
0.290296
0.274278
0.255369
0.233779
0.209753
0.183566
0.155523
0.125954
0.095209
0.063653
0.031664
-0.000375
-0.032078
-0.063062
-0.092956
-0.121397
-0.148044
-0.172578
-0.194703
-0.214158
-0.230713
-0.244174
-0.254390
-0.261245
-0.264672
-0.264640
-0.261168
-0.254313
-0.244177
-0.230900
-0.214662
-0.195678
-0.174195
-0.150492
-0.124871
-0.097655
-0.069186
-0.039816
-0.009907
0.020178
0.050077
0.079434
0.107907
0.135167
0.160904
0.184834
0.206698
0.226267
0.243345
0.257769
0.269415
0.278192
0.284049
0.286974
0.286988
0.284153
0.278561
0.270339
0.259644
0.246661
0.231597
0.214683
0.196166
0.176305
0.155372
0.133642
0.111394
0.088903
0.066439
0.044263
0.022623
0.001751
-0.018141
-0.036859
-0.054235
-0.070125
-0.084410
-0.097001
-0.107832
-0.116868
-0.124100
-0.129543
-0.133240
-0.135256
-0.135677
-0.134607
-0.132171
-0.128505
-0.123757
-0.118083
-0.111648
-0.104617
-0.097156
-0.089429
-0.081593
-0.073801
-0.066192
-0.058895
-0.052027
-0.045688
-0.039963
-0.034919
-0.030609
-0.027066
-0.024307
-0.022332
-0.021126
-0.020660
-0.020891
-0.021765
-0.023218
-0.025177
-0.027566
-0.030303
-0.033304
-0.036487
-0.039771
-0.043079
-0.046341
-0.049494
-0.052485
-0.055268
-0.057813
-0.060096
-0.062111
-0.063859
-0.065355
-0.066627
-0.067710
-0.068653
-0.069509
-0.070341
-0.071215
-0.072203
-0.073376
-0.074806
-0.076561
-0.078705
-0.081297
-0.084384
-0.088006
-0.092188
-0.096943
-0.102269
-0.108149
-0.114548
-0.121417
-0.128687
-0.136275
-0.144080
-0.151987
-0.159869
-0.167584
-0.174981
-0.181901
-0.188179
-0.193645
-0.198131
-0.201470
-0.203498
-0.204063
-0.203020
-0.200240
-0.195607
-0.189029
-0.180429
-0.169758
-0.156988
-0.142121
-0.125183
-0.106230
-0.085345
-0.062640
-0.038254
-0.012353
0.014872
0.043208
0.072418
0.102248
0.132430
0.162680
0.192707
0.222215
0.250903
0.278477
0.304644
0.329125
0.351651
0.371973
0.389861
0.405110
0.417543
0.427010
0.433396
0.436616
0.436623
0.433405
0.426986
0.417428
0.404826
0.389313
0.371052
0.350239
0.327098
0.301880
0.274858
0.246323
0.216582
0.185953
0.154763
0.123339
0.092008
0.061090
0.030895
0.001721
-0.026155
-0.052476
-0.077011
-0.099556
-0.119938
-0.138015
-0.153682
-0.166867
-0.177534
-0.185682
-0.191348
-0.194600
-0.195541
-0.194305
-0.191054
-0.185974
-0.179277
-0.171191
-0.161960
-0.151841
-0.141095
-0.129989
-0.118786
-0.107745
-0.097116
-0.087133
-0.078017
-0.069963
-0.063146
-0.057715
-0.053789
-0.051456
-0.050773
-0.051765
-0.054424
-0.058709
-0.064548
-0.071837
-0.080445
-0.090212
-0.100956
-0.112473
-0.124542
-0.136928
-0.149385
-0.161661
-0.173502
-0.184657
-0.194881
-0.203939
-0.211610
-0.217692
-0.222004
-0.224390
-0.224721
-0.222898
-0.218853
-0.212553
-0.203996
-0.193217
-0.180285
-0.165301
-0.148400
-0.129747
-0.109535
-0.087985
-0.065340
-0.041861
-0.017828
0.006468
0.030729
0.054653
0.077937
0.100286
0.121411
0.141038
0.158912
0.174795
0.188479
0.199780
0.208545
0.214655
0.218025
0.218605
0.216384
0.211385
0.203671
0.193338
0.180519
0.165378
0.148112
0.128944
0.108122
0.085917
0.062618
0.038526
0.013953
-0.010784
-0.035366
-0.059477
-0.082811
-0.105069
-0.125972
-0.145256
-0.162683
-0.178038
-0.191136
-0.201822
-0.209973
-0.215500
-0.218348
-0.218498
-0.215966
-0.210800
-0.203084
-0.192931
-0.180485
-0.165918
-0.149425
-0.131224
-0.111548
-0.090650
-0.068790
-0.046236
-0.023261
-0.000138
0.022867
0.045492
0.067488
0.088619
0.108666
0.127432
0.144737
0.160430
0.174382
0.186492
0.196685
0.204915
0.211161
0.215430
0.217755
0.218193
0.216824
0.213747
0.209083
0.202967
0.195546
0.186982
0.177441
0.167095
0.156120
0.144688
0.132971
0.121132
0.109328
0.097702
0.086389
0.075505
0.065153
0.055420
0.046373
0.038064
0.030525
0.023772
0.017804
0.012602
0.008135
0.004357
0.001210
-0.001373
-0.003468
-0.005156
-0.006523
-0.007656
-0.008642
-0.009564
-0.010503
-0.011532
-0.012716
-0.014112
-0.015764
-0.017708
-0.019964
-0.022543
-0.025438
-0.028636
-0.032105
-0.035807
-0.039691
-0.043697
-0.047757
-0.051797
-0.055740
-0.059504
-0.063009
-0.066175
-0.068927
-0.071196
-0.072918
-0.074042
-0.074527
-0.074343
-0.073476
-0.071926
-0.069710
-0.066859
-0.063422
-0.059463
-0.055061
-0.050312
-0.045323
-0.040213
-0.035112
-0.030159
-0.025497
-0.021273
-0.017636
-0.014732
-0.012703
-0.011683
-0.011795
-0.013151
-0.015847
-0.019961
-0.025550
-0.032649
-0.041272
-0.051406
-0.063011
-0.076022
-0.090350
-0.105875
-0.122454
-0.139920
-0.158083
-0.176730
-0.195632
-0.214544
-0.233206
-0.251349
-0.268700
-0.284982
-0.299919
-0.313242
-0.324691
-0.334017
-0.340992
-0.345406
-0.347075
-0.345842
-0.341580
-0.334195
-0.323630
-0.309862
-0.292907
-0.272822
-0.249700
-0.223673
-0.194911
-0.163623
-0.130047
-0.094457
-0.057156
-0.018471
0.021249
0.061636
0.102307
0.142874
0.182940
0.222111
0.259999
0.296224
0.330423
0.362251
0.391389
0.417544
0.440456
0.459900
0.475688
0.487675
0.495755
0.499869
0.500000
0.496177
0.488471
0.477001
0.461921
0.443431
0.421764
0.397187
0.369999
0.340524
0.309108
0.276116
0.241923
0.206914
0.171477
0.135996
0.100850
0.066405
0.033011
0.000996
-0.029335
-0.057705
-0.083871
-0.107621
-0.128783
-0.147220
-0.162837
-0.175576
-0.185423
-0.192399
-0.196565
-0.198020
-0.196896
-0.193357
-0.187596
-0.179831
-0.170304
-0.159271
-0.147006
-0.133788
-0.119903
-0.105639
-0.091277
-0.077092
-0.063345
-0.050284
-0.038135
-0.027103
-0.017367
-0.009077
-0.002356
0.002705
0.006047
0.007643
0.007498
0.005649
0.002162
-0.002868
-0.009319
-0.017044
-0.025877
-0.035630
-0.046103
-0.057083
-0.068351
-0.079683
-0.090853
-0.101641
-0.111835
-0.121231
-0.129641
-0.136895
-0.142840
-0.147350
-0.150319
-0.151671
-0.151353
-0.149345
-0.145653
-0.140309
-0.133377
-0.124944
-0.115124
-0.104053
-0.091890
-0.078809
-0.065003
-0.050675
-0.036037
-0.021309
-0.006711
0.007537
0.021220
0.034132
0.046078
0.056876
0.066363
0.074395
0.080850
0.085630
0.088663
0.089901
0.089326
0.086945
0.082793
0.076931
0.069446
0.060449
0.050072
0.038467
0.025807
0.012275
-0.001931
-0.016603
-0.031529
-0.046496
-0.061286
-0.075692
-0.089508
-0.102540
-0.114609
-0.125548
-0.135209
-0.143465
-0.150208
-0.155354
-0.158843
-0.160639
-0.160729
-0.159127
-0.155870
-0.151015
-0.144645
-0.136859
-0.127777
-0.117533
-0.106274
-0.094159
-0.081357
-0.068038
-0.054379
-0.040553
-0.026732
-0.013083
0.000237
0.013082
0.025316
0.036822
0.047495
0.057250
0.066020
0.073759
0.080438
0.086048
0.090600
0.094124
0.096666
0.098288
0.099068
0.099094
0.098468
0.097297
0.095696
0.093783
0.091677
0.089497
0.087355
0.085360
0.083611
0.082199
0.081200
0.080679
0.080685
0.081250
0.082392
0.084110
0.086387
0.089190
0.092467
0.096155
0.100175
0.104436
0.108837
0.113266
0.117608
0.121743
0.125547
0.128900
0.131682
0.133783
0.135096
0.135529
0.135000
0.133442
0.130803
0.127051
0.122169
0.116163
0.109055
0.100891
0.091732
0.081661
0.070778
0.059200
0.047058
0.034496
0.021670
0.008742
-0.004118
-0.016739
-0.028949
-0.040580
-0.051468
-0.061462
-0.070419
-0.078212
-0.084731
-0.089887
-0.093610
-0.095853
-0.096597
-0.095843
-0.093623
-0.089991
-0.085030
-0.078846
-0.071570
-0.063355
-0.054374
-0.044819
-0.034897
-0.024826
-0.014835
-0.005159
0.003967
0.012308
0.019635
0.025730
0.030385
0.033410
0.034637
0.033919
0.031136
0.026197
0.019043
0.009646
-0.001987
-0.015813
-0.031755
-0.049700
-0.069500
-0.090975
-0.113914
-0.138074
-0.163189
-0.188966
-0.215094
-0.241247
-0.267085
-0.292262
-0.316428
-0.339236
-0.360346
-0.379427
-0.396168
-0.410275
-0.421480
-0.429546
-0.434264
-0.435466
-0.433019
-0.426833
-0.416859
-0.403095
-0.385580
-0.364401
-0.339689
-0.311615
-0.280396
-0.246285
-0.209574
-0.170585
-0.129673
-0.087215
-0.043613
0.000720
0.045357
0.089865
0.133811
0.176768
0.218318
0.258057
0.295603
0.330597
0.362711
0.391647
0.417145
0.438986
0.456990
0.471022
0.480994
0.486861
0.488626
0.486337
0.480087
0.470014
0.456292
0.439139
0.418804
0.395570
0.369746
0.341665
0.311680
0.280156
0.247470
0.214000
0.180126
0.146223
0.112655
0.079772
0.047906
0.017365
-0.011567
-0.038635
-0.063617
-0.086323
-0.106599
-0.124326
-0.139425
-0.151849
-0.161593
-0.168683
-0.173182
-0.175181
-0.174806
-0.172206
-0.167555
-0.161048
-0.152898
-0.143329
-0.132576
-0.120881
-0.108486
-0.095632
-0.082556
-0.069484
-0.056631
-0.044197
-0.032365
-0.021298
-0.011138
-0.002002
0.006015
0.012843
0.018439
0.022782
0.025877
0.027751
0.028452
0.028051
0.026633
0.024302
0.021172
0.017372
0.013033
0.008296
0.003302
-0.001810
-0.006903
-0.011845
-0.016515
-0.020803
-0.024610
-0.027852
-0.030463
-0.032390
-0.033604
-0.034088
-0.033847
-0.032904
-0.031297
-0.029083
-0.026332
-0.023130
-0.019572
-0.015765
-0.011822
-0.007862
-0.004006
-0.000376
0.002908
0.005732
0.007987
0.009576
0.010412
0.010419
0.009538
0.007727
0.004960
0.001227
-0.003459
-0.009072
-0.015563
-0.022869
-0.030909
-0.039586
-0.048790
-0.058399
-0.068279
-0.078289
-0.088285
-0.098115
-0.107631
-0.116684
-0.125131
-0.132834
-0.139668
-0.145517
-0.150279
-0.153870
-0.156220
-0.157280
-0.157020
-0.155430
-0.152520
-0.148323
-0.142890
-0.136292
-0.128621
-0.119982
-0.110498
-0.100307
-0.089555
-0.078400
-0.067004
-0.055535
-0.044160
-0.033046
-0.022353
-0.012235
-0.002837
0.005710
0.013290
0.019804
0.025171
0.029330
0.032243
0.033892
0.034284
0.033448
0.031434
0.028317
0.024190
0.019166
0.013377
0.006969
0.000101
-0.007055
-0.014322
-0.021516
-0.028453
-0.034948
-0.040823
-0.045905
-0.050033
-0.053059
-0.054851
-0.055296
-0.054300
-0.051794
-0.047731
-0.042090
-0.034876
-0.026119
-0.015878
-0.004235
0.008703
0.022805
0.037917
0.053869
0.070469
0.087516
0.104793
0.122077
0.139140
0.155752
0.171685
0.186718
0.200637
0.213243
0.224350
0.233793
0.241427
0.247131
0.250812
0.252400
0.251860
0.249181
0.244385
0.237525
0.228680
0.217960
0.205503
0.191468
0.176040
0.159424
0.141840
0.123524
0.104721
0.085683
0.066664
0.047918
0.029692
0.012226
-0.004254
-0.019538
-0.033437
-0.045783
-0.056434
-0.065277
-0.072228
-0.077236
-0.080280
-0.081373
-0.080563
-0.077927
-0.073577
-0.067652
-0.060322
-0.051781
-0.042244
-0.031950
-0.021150
-0.010109
0.000901
0.011602
0.021719
0.030981
0.039126
0.045905
0.051087
0.054464
0.055850
0.055090
0.052059
0.046666
0.038855
0.028606
0.015940
0.000913
-0.016379
-0.035802
-0.057189
-0.080336
-0.105008
-0.130942
-0.157847
-0.185413
-0.213309
-0.241194
-0.268714
-0.295512
-0.321234
-0.345528
-0.368053
-0.388485
-0.406517
-0.421866
-0.434279
-0.443532
-0.449437
-0.451844
-0.450641
-0.445758
-0.437170
-0.424892
-0.408986
-0.389555
-0.366743
-0.340736
-0.311757
-0.280065
-0.245951
-0.209733
-0.171757
-0.132385
-0.091999
-0.050988
-0.009752
0.031313
0.071809
0.111352
0.149566
0.186096
0.220607
0.252790
0.282365
0.309085
0.332737
0.353145
0.370171
0.383718
0.393730
0.400189
0.403118
0.402579
0.398672
0.391531
0.381324
0.368247
0.352527
0.334411
0.314167
0.292079
0.268444
0.243565
0.217750
0.191306
0.164538
0.137739
0.111195
0.085174
0.059929
0.035690
0.012665
-0.008961
-0.029031
-0.047413
-0.064005
-0.078731
-0.091544
-0.102422
-0.111373
-0.118424
-0.123630
-0.127064
-0.128818
-0.129002
-0.127737
-0.125157
-0.121403
-0.116622
-0.110964
-0.104578
-0.097611
-0.090205
-0.082495
-0.074605
-0.066651
-0.058736
-0.050949
-0.043365
-0.036045
-0.029034
-0.022364
-0.016053
-0.010105
-0.004511
0.000749
0.005702
0.010386
0.014844
0.019122
0.023272
0.027343
0.031382
0.035437
0.039546
0.043743
0.048053
0.052492
0.057064
0.061765
0.066575
0.071466
0.076395
0.081311
0.086147
0.090832
0.095282
0.099406
0.103109
0.106292
0.108851
0.110686
0.111698
0.111790
0.110874
0.108872
0.105713
0.101342
0.095717
0.088812
0.080618
0.071146
0.060426
0.048504
0.035451
0.021353
0.006318
-0.009530
-0.026049
-0.043083
-0.060462
-0.078004
-0.095520
-0.112813
-0.129683
-0.145930
-0.161356
-0.175767
-0.188981
-0.200822
-0.211134
-0.219772
-0.226615
-0.231561
-0.234532
-0.235475
-0.234363
-0.231198
-0.226007
-0.218847
-0.209802
-0.198982
-0.186523
-0.172586
-0.157352
-0.141024
-0.123821
-0.105975
-0.087730
-0.069339
-0.051056
-0.033137
-0.015834
0.000608
0.015954
0.029986
0.042501
0.053318
0.062281
0.069258
0.074147
0.076877
0.077408
0.075731
0.071874
0.065893
0.057880
0.047959
0.036280
0.023024
0.008398
-0.007369
-0.024031
-0.041321
-0.058962
-0.076670
-0.094152
-0.111120
-0.127286
-0.142371
-0.156110
-0.168251
-0.178565
-0.186844
-0.192907
-0.196604
-0.197813
-0.196449
-0.192461
-0.185833
-0.176585
-0.164776
-0.150498
-0.133878
-0.115076
-0.094283
-0.071719
-0.047627
-0.022273
0.004059
0.031070
0.058452
0.085891
0.113071
0.139681
0.165415
0.189979
0.213096
0.234509
0.253981
0.271305
0.286301
0.298820
0.308749
0.316009
0.320554
0.322379
0.321510
0.318014
0.311986
0.303559
0.292894
0.280178
0.265626
0.249473
0.231970
0.213385
0.193993
0.174075
0.153914
0.133790
0.113975
0.094728
0.076296
0.058905
0.042758
0.028035
0.014886
0.003432
-0.006236
-0.014063
-0.020025
-0.024132
-0.026428
-0.026989
-0.025919
-0.023356
-0.019459
-0.014415
-0.008429
-0.001725
0.005460
0.012882
0.020288
0.027424
0.034043
0.039900
0.044763
0.048417
0.050662
0.051322
0.050247
0.047312
0.042423
0.035520
0.026572
0.015584
0.002594
-0.012324
-0.029066
-0.047494
-0.067442
-0.088713
-0.111087
-0.134322
-0.158156
-0.182312
-0.206502
-0.230430
-0.253796
-0.276304
-0.297661
-0.317582
-0.335797
-0.352055
-0.366122
-0.377791
-0.386881
-0.393239
-0.396747
-0.397318
-0.394901
-0.389478
-0.381070
-0.369731
-0.355550
-0.338650
-0.319186
-0.297341
-0.273327
-0.247379
-0.219753
-0.190724
-0.160581
-0.129621
-0.098149
-0.066474
-0.034900
-0.003729
0.026749
0.056254
0.084523
0.111313
0.136400
0.159588
0.180703
0.199600
0.216166
0.230312
0.241984
0.251154
0.257827
0.262033
0.263831
0.263305
0.260563
0.255734
0.248965
0.240420
0.230276
0.218720
0.205947
0.192155
0.177544
0.162314
0.146658
0.130764
0.114810
0.098963
0.083376
0.068189
0.053525
0.039489
0.026171
0.013641
0.001953
-0.008856
-0.018766
-0.027775
-0.035890
-0.043136
-0.049545
-0.055163
-0.060038
-0.064228
-0.067793
-0.070793
-0.073291
-0.075344
-0.077007
-0.078329
-0.079352
-0.080111
-0.080630
-0.080923
-0.080997
-0.080845
-0.080453
-0.079796
-0.078839
-0.077541
-0.075853
-0.073721
-0.071088
-0.067894
-0.064079
-0.059585
-0.054359
-0.048351
-0.041520
-0.033837
-0.025280
-0.015842
-0.005531
0.005631
0.017605
0.030336
0.043751
0.057761
0.072259
0.087122
0.102214
0.117383
0.132466
0.147289
0.161671
0.175425
0.188361
0.200288
0.211021
0.220375
0.228180
0.234272
0.238504
0.240747
0.240889
0.238843
0.234543
0.227952
0.219059
0.207880
0.194463
0.178882
0.161244
0.141681
0.120355
0.097453
0.073187
0.047790
0.021514
-0.005371
-0.032584
-0.059832
-0.086819
-0.113245
-0.138814
-0.163234
-0.186226
-0.207522
-0.226874
-0.244055
-0.258863
-0.271126
-0.280698
-0.287470
-0.291368
-0.292352
-0.290421
-0.285610
-0.277995
-0.267685
-0.254828
-0.239603
-0.222225
-0.202934
-0.181999
-0.159711
-0.136381
-0.112333
-0.087902
-0.063430
-0.039260
-0.015731
0.006826
0.028093
0.047767
0.065568
0.081242
0.094564
0.105338
0.113407
0.118649
0.120982
0.120364
0.116795
0.110315
0.101007
0.088991
0.074428
0.057514
0.038479
0.017584
-0.004885
-0.028615
-0.053278
-0.078529
-0.104013
-0.129372
-0.154245
-0.178280
-0.201129
-0.222463
-0.241969
-0.259359
-0.274369
-0.286769
-0.296359
-0.302976
-0.306498
-0.306838
-0.303953
-0.297840
-0.288537
-0.276122
-0.260713
-0.242464
-0.221565
-0.198238
-0.172734
-0.145329
-0.116321
-0.086024
-0.054768
-0.022889
0.009273
0.041377
0.073089
0.104083
0.134048
0.162690
0.189738
0.214943
0.238087
0.258980
0.277466
0.293419
0.306753
0.317414
0.325383
0.330679
0.333350
0.333479
0.331180
0.326594
0.319885
0.311241
0.300870
0.288991
0.275839
0.261654
0.246678
0.231156
0.215327
0.199422
0.183663
0.168254
0.153385
0.139224
0.125916
0.113586
0.102328
0.092214
0.083286
0.075561
0.069029
0.063653
0.059373
0.056104
0.053744
0.052168
0.051238
0.050803
0.050700
0.050761
0.050815
0.050689
0.050214
0.049230
0.047583
0.045133
0.041755
0.037342
0.031806
0.025081
0.017124
0.007915
-0.002541
-0.014214
-0.027050
-0.040972
-0.055878
-0.071648
-0.088139
-0.105193
-0.122636
-0.140282
-0.157935
-0.175393
-0.192450
-0.208900
-0.224540
-0.239173
-0.252612
-0.264680
-0.275217
-0.284080
-0.291144
-0.296306
-0.299487
-0.300632
-0.299711
-0.296718
-0.291676
-0.284630
-0.275653
-0.264838
-0.252303
-0.238185
-0.222641
-0.205841
-0.187972
-0.169230
-0.149820
-0.129950
-0.109831
-0.089675
-0.069688
-0.050069
-0.031008
-0.012684
0.004740
0.021116
0.036316
0.050228
0.062764
0.073856
0.083459
0.091548
0.098121
0.103197
0.106814
0.109029
0.109918
0.109569
0.108086
0.105583
0.102182
0.098012
0.093207
0.087901
0.082225
0.076309
0.070277
0.064243
0.058312
0.052579
0.047122
0.042009
0.037289
0.033000
0.029159
0.025771
0.022824
0.020292
0.018135
0.016301
0.014729
0.013346
0.012075
0.010833
0.009534
0.008092
0.006425
0.004454
0.002105
-0.000684
-0.003966
-0.007782
-0.012157
-0.017104
-0.022615
-0.028668
-0.035225
-0.042226
-0.049598
-0.057249
-0.065074
-0.072952
-0.080750
-0.088327
-0.095529
-0.102202
-0.108184
-0.113316
-0.117441
-0.120405
-0.122067
-0.122293
-0.120967
-0.117986
-0.113270
-0.106758
-0.098414
-0.088225
-0.076206
-0.062400
-0.046875
-0.029728
-0.011084
0.008907
0.030068
0.052202
0.075086
0.098482
0.122135
0.145776
0.169127
0.191905
0.213824
0.234601
0.253957
0.271627
0.287354
0.300904
0.312061
0.320636
0.326466
0.329421
0.329400
0.326342
0.320218
0.311041
0.298858
0.283756
0.265860
0.245329
0.222361
0.197182
0.170050
0.141251
0.111093
0.079905
0.048031
0.015825
-0.016351
-0.048133
-0.079161
-0.109081
-0.137554
-0.164257
-0.188888
-0.211171
-0.230859
-0.247739
-0.261634
-0.272403
-0.279948
-0.284212
-0.285180
-0.282882
-0.277389
-0.268815
-0.257314
-0.243078
-0.226337
-0.207351
-0.186411
-0.163833
-0.139956
-0.115133
-0.089730
-0.064121
-0.038680
-0.013778
0.010221
0.032967
0.054129
0.073396
0.090486
0.105146
0.117158
0.126339
0.132547
0.135679
0.135677
0.132524
0.126246
0.116913
0.104635
0.089563
0.071886
0.051826
0.029640
0.005612
-0.019949
-0.046716
-0.074343
-0.102474
-0.130747
-0.158799
-0.186270
-0.212806
-0.238069
-0.261735
-0.283504
-0.303098
-0.320269
-0.334799
-0.346505
-0.355239
-0.360891
-0.363387
-0.362694
-0.358816
-0.351796
-0.341713
-0.328682
-0.312849
-0.294393
-0.273520
-0.250459
-0.225462
-0.198797
-0.170747
-0.141601
-0.111658
-0.081214
-0.050566
-0.020003
0.010197
0.039767
0.068457
0.096038
0.122302
0.147063
0.170163
0.191468
0.210873
0.228301
0.243701
0.257051
0.268353
0.277636
0.284951
0.290370
0.293986
0.295906
0.296254
0.295162
0.292772
0.289231
0.284690
0.279298
0.273200
0.266539
0.259446
0.252046
0.244448
0.236750
0.229036
0.221372
0.213808
0.206380
0.199105
0.191985
0.185007
0.178145
0.171357
0.164594
0.157795
0.150892
0.143814
0.136484
0.128827
0.120768
0.112238
0.103171
0.093513
0.083218
0.072252
0.060594
0.048239
0.035197
0.021493
0.007169
-0.007715
-0.023084
-0.038849
-0.054904
-0.071132
-0.087403
-0.103578
-0.119508
-0.135041
-0.150022
-0.164293
-0.177700
-0.190091
-0.201323
-0.211262
-0.219787
-0.226787
-0.232173
-0.235869
-0.237820
-0.237994
-0.236379
-0.232983
-0.227841
-0.221008
-0.212562
-0.202600
-0.191243
-0.178628
-0.164908
-0.150254
-0.134848
-0.118880
-0.102549
-0.086059
-0.069614
-0.053417
-0.037666
-0.022552
-0.008255
0.005056
0.017231
0.028134
0.037652
0.045690
0.052180
0.057073
0.060349
0.062010
0.062083
0.060618
0.057689
0.053394
0.047846
0.041181
0.033547
0.025110
0.016041
0.006524
-0.003256
-0.013110
-0.022852
-0.032301
-0.041281
-0.049629
-0.057196
-0.063846
-0.069464
-0.073954
-0.077241
-0.079273
-0.080024
-0.079491
-0.077694
-0.074680
-0.070517
-0.065298
-0.059133
-0.052154
-0.044507
-0.036355
-0.027869
-0.019231
-0.010627
-0.002244
0.005731
0.013117
0.019742
0.025443
0.030073
0.033504
0.035624
0.036346
0.035607
0.033369
0.029622
0.024381
0.017692
0.009627
0.000286
-0.010207
-0.021699
-0.034020
-0.046976
-0.060357
-0.073937
-0.087482
-0.100747
-0.113485
-0.125449
-0.136394
-0.146085
-0.154298
-0.160825
-0.165474
-0.168080
-0.168500
-0.166620
-0.162356
-0.155657
-0.146505
-0.134918
-0.120948
-0.104682
-0.086242
-0.065783
-0.043492
-0.019585
0.005694
0.032077
0.059275
0.086984
0.114885
0.142650
0.169949
0.196449
0.221825
0.245760
0.267949
0.288109
0.305975
0.321311
0.333910
0.343596
0.350231
0.353711
0.353973
0.350994
0.344792
0.335425
0.322992
0.307631
0.289516
0.268857
0.245898
0.220909
0.194188
0.166055
0.136845
0.106910
0.076606
0.046295
0.016336
-0.012916
-0.041120
-0.067948
-0.093094
-0.116276
-0.137238
-0.155758
-0.171647
-0.184753
-0.194962
-0.202201
-0.206438
-0.207681
-0.205980
-0.201425
-0.194144
-0.184301
-0.172096
-0.157759
-0.141548
-0.123744
-0.104651
-0.084587
-0.063880
-0.042867
-0.021885
-0.001271
0.018648
0.037557
0.055153
0.071159
0.085318
0.097400
0.107208
0.114574
0.119369
0.121497
0.120899
0.117557
0.111487
0.102744
0.091420
0.077639
0.061559
0.043367
0.023280
0.001534
-0.021610
-0.045875
-0.070974
-0.096608
-0.122475
-0.148270
-0.173693
-0.198452
-0.222263
-0.244859
-0.265988
-0.285422
-0.302954
-0.318402
-0.331611
-0.342456
-0.350841
-0.356699
-0.359995
-0.360720
-0.358899
-0.354580
-0.347841
-0.338782
-0.327525
-0.314215
-0.299012
-0.282089
-0.263633
-0.243838
-0.222906
-0.201039
-0.178440
-0.155308
-0.131839
-0.108218
-0.084622
-0.061215
-0.038148
-0.015556
0.006440
0.027736
0.048247
0.067902
0.086648
0.104446
0.121275
0.137126
0.152002
0.165917
0.178897
0.190970
0.202175
0.212551
0.222140
0.230984
0.239122
0.246589
0.253417
0.259630
0.265243
0.270266
0.274697
0.278526
0.281733
0.284290
0.286158
0.287292
0.287639
0.287141
0.285736
0.283358
0.279942
0.275423
0.269739
0.262834
0.254658
0.245171
0.234344
0.222160
0.208617
0.193727
0.177523
0.160051
0.141379
0.121591
0.100791
0.079103
0.056665
0.033635
0.010185
-0.013501
-0.037225
-0.060779
-0.083950
-0.106521
-0.128270
-0.148981
-0.168438
-0.186436
-0.202779
-0.217284
-0.229787
-0.240139
-0.248215
-0.253915
-0.257163
-0.257911
-0.256139
-0.251857
-0.245107
-0.235957
-0.224509
-0.210892
-0.195262
-0.177802
-0.158720
-0.138243
-0.116620
-0.094113
-0.070998
-0.047560
-0.024089
-0.000875
0.021792
0.043631
0.064368
0.083747
0.101525
0.117485
0.131429
0.143189
0.152625
0.159627
0.164120
0.166062
0.165443
0.162290
0.156665
0.148660
0.138401
0.126045
0.111775
0.095801
0.078354
0.059685
0.040060
0.019757
-0.000941
-0.021744
-0.042365
-0.062521
-0.081939
-0.100359
-0.117538
-0.133251
-0.147299
-0.159509
-0.169737
-0.177868
-0.183822
-0.187552
-0.189043
-0.188317
-0.185428
-0.180463
-0.173540
-0.164808
-0.154442
-0.142640
-0.129621
-0.115625
-0.100901
-0.085712
-0.070323
-0.055004
-0.040019
-0.025629
-0.012079
0.000396
0.011582
0.021287
0.029344
0.035612
0.039982
0.042376
0.042750
0.041091
0.037424
0.031805
0.024325
0.015106
0.004300
-0.007913
-0.021327
-0.035715
-0.050830
-0.066411
-0.082185
-0.097875
-0.113196
-0.127871
-0.141623
-0.154189
-0.165320
-0.174782
-0.182368
-0.187891
-0.191196
-0.192155
-0.190676
-0.186700
-0.180202
-0.171195
-0.159728
-0.145883
-0.129780
-0.111569
-0.091432
-0.069581
-0.046252
-0.021702
0.003789
0.029931
0.056419
0.082946
0.109199
0.134869
0.159653
0.183260
0.205413
0.225854
0.244348
0.260684
0.274682
0.286192
0.295096
0.301313
0.304794
0.305530
0.303546
0.298902
0.291695
0.282052
0.270134
0.256126
0.240244
0.222723
0.203817
0.183797
0.162943
0.141543
0.119889
0.098269
0.076969
0.056263
0.036412
0.017661
0.000234
-0.015669
-0.029872
-0.042229
-0.052623
-0.060970
-0.067216
-0.071343
-0.073362
-0.073318
-0.071288
-0.067376
-0.061717
-0.054467
-0.045810
-0.035945
-0.025091
-0.013478
-0.001347
0.011057
0.023484
0.035688
0.047428
0.058470
0.068593
0.077593
0.085282
0.091492
0.096081
0.098929
0.099942
0.099056
0.096233
0.091462
0.084761
0.076177
0.065780
0.053666
0.039955
0.024787
0.008321
-0.009268
-0.027792
-0.047052
-0.066842
-0.086952
-0.107169
-0.127284
-0.147091
-0.166391
-0.184996
-0.202731
-0.219433
-0.234956
-0.249173
-0.261974
-0.273271
-0.282995
-0.291096
-0.297546
-0.302338
-0.305481
-0.307004
-0.306952
-0.305384
-0.302374
-0.298006
-0.292374
-0.285577
-0.277722
-0.268917
-0.259269
-0.248887
-0.237873
-0.226326
-0.214337
-0.201990
-0.189358
-0.176506
-0.163486
-0.150341
-0.137100
-0.123784
-0.110402
-0.096953
-0.083430
-0.069816
-0.056090
-0.042224
-0.028192
-0.013962
0.000491
0.015195
0.030168
0.045424
0.060967
0.076793
0.092885
0.109213
0.125735
0.142395
0.159122
0.175831
0.192422
0.208782
0.224786
0.240298
0.255171
0.269250
0.282374
0.294380
0.305103
0.314377
0.322044
0.327951
0.331955
0.333925
0.333747
0.331323
0.326576
0.319452
0.309922
0.297981
0.283654
0.266993
0.248077
0.227019
0.203956
0.179055
0.152510
0.124540
0.095388
0.065316
0.034605
0.003553
-0.027532
-0.058335
-0.088535
-0.117811
-0.145848
-0.172335
-0.196977
-0.219493
-0.239622
-0.257129
-0.271803
-0.283465
-0.291969
-0.297204
-0.299097
-0.297612
-0.292755
-0.284571
-0.273145
-0.258601
-0.241103
-0.220850
-0.198076
-0.173045
-0.146052
-0.117415
-0.087473
-0.056584
-0.025116
0.006555
0.038049
0.068989
0.099004
0.127736
0.154841
0.179998
0.202909
0.223306
0.240953
0.255648
0.267228
0.275570
0.280590
0.282248
0.280547
0.275531
0.267287
0.255941
0.241658
0.224639
0.205117
0.183357
0.159647
0.134299
0.107641
0.080016
0.051773
0.023265
-0.005155
-0.033143
-0.060364
-0.086499
-0.111248
-0.134335
-0.155512
-0.174560
-0.191293
-0.205562
-0.217253
-0.226290
-0.232636
-0.236294
-0.237302
-0.235737
-0.231711
-0.225370
-0.216888
-0.206470
-0.194343
-0.180754
-0.165969
-0.150265
-0.133926
-0.117242
-0.100501
-0.083986
-0.067970
-0.052714
-0.038461
-0.025433
-0.013829
-0.003822
0.004446
0.010863
0.015349
0.017857
0.018373
0.016917
0.013543
0.008335
0.001406
-0.007101
-0.017018
-0.028155
-0.040303
-0.053236
-0.066716
-0.080498
-0.094329
-0.107959
-0.121139
-0.133628
-0.145195
-0.155625
-0.164718
-0.172297
-0.178207
-0.182319
-0.184529
-0.184765
-0.182982
-0.179166
-0.173332
-0.165526
-0.155822
-0.144319
-0.131146
-0.116452
-0.100408
-0.083202
-0.065038
-0.046133
-0.026710
-0.006999
0.012770
0.032369
0.051574
0.070171
0.087958
0.104748
0.120371
0.134677
0.147538
0.158850
0.168533
0.176533
0.182822
0.187399
0.190286
0.191532
0.191209
0.189412
0.186253
0.181866
0.176396
0.170005
0.162861
0.155141
0.147026
0.138696
0.130329
0.122097
0.114166
0.106689
0.099804
0.093636
0.088292
0.083856
0.080396
0.077956
0.076556
0.076198
0.076858
0.078491
0.081034
0.084401
0.088490
0.093184
0.098350
0.103844
0.109516
0.115206
0.120753
0.125995
0.130772
0.134929
0.138318
0.140804
0.142261
0.142580
0.141668
0.139451
0.135872
0.130896
0.124511
0.116722
0.107558
0.097069
0.085323
0.072407
0.058428
0.043505
0.027772
0.011376
-0.005529
-0.022780
-0.040213
-0.057660
-0.074955
-0.091935
-0.108445
-0.124338
-0.139475
-0.153734
-0.167005
-0.179195
-0.190227
-0.200044
-0.208607
-0.215895
-0.221906
-0.226657
-0.230183
-0.232535
-0.233778
-0.233991
-0.233266
-0.231704
-0.229411
-0.226502
-0.223092
-0.219296
-0.215228
-0.210996
-0.206701
-0.202437
-0.198283
-0.194309
-0.190568
-0.187099
-0.183923
-0.181046
-0.178455
-0.176120
-0.173996
-0.172020
-0.170116
-0.168194
-0.166152
-0.163880
-0.161260
-0.158169
-0.154483
-0.150078
-0.144833
-0.138636
-0.131381
-0.122974
-0.113338
-0.102411
-0.090150
-0.076533
-0.061560
-0.045255
-0.027668
-0.008871
0.011036
0.031931
0.053666
0.076071
0.098955
0.122108
0.145303
0.168299
0.190846
0.212684
0.233550
0.253180
0.271315
0.287703
0.302101
0.314285
0.324046
0.331199
0.335585
0.337073
0.335563
0.330990
0.323321
0.312563
0.298760
0.281993
0.262381
0.240081
0.215286
0.188222
0.159149
0.128354
0.096152
0.062880
0.028893
-0.005438
-0.039733
-0.073609
-0.106678
-0.138561
-0.168886
-0.197297
-0.223454
-0.247044
-0.267780
-0.285407
-0.299705
-0.310492
-0.317628
-0.321015
-0.320598
-0.316370
-0.308368
-0.296676
-0.281419
-0.262770
-0.240940
-0.216178
-0.188770
-0.159034
-0.127315
-0.093982
-0.059423
-0.024039
0.011760
0.047558
0.082943
0.117509
0.150863
0.182626
0.212444
0.239986
0.264952
0.287076
0.306129
0.321918
0.334297
0.343157
0.348437
0.350118
0.348226
0.342830
0.334041
0.322007
0.306918
0.288995
0.268490
0.245684
0.220879
0.194398
0.166576
0.137760
0.108299
0.078545
0.048842
0.019528
-0.009074
-0.036659
-0.062942
-0.087665
-0.110596
-0.131533
-0.150308
-0.166786
-0.180868
-0.192490
-0.201624
-0.208276
-0.212489
-0.214336
-0.213922
-0.211380
-0.206869
-0.200572
-0.192689
-0.183439
-0.173049
-0.161759
-0.149811
-0.137447
-0.124908
-0.112428
-0.100230
-0.088525
-0.077505
-0.067347
-0.058204
-0.050207
-0.043462
-0.038052
-0.034030
-0.031425
-0.030239
-0.030449
-0.032008
-0.034845
-0.038868
-0.043967
-0.050015
-0.056868
-0.064375
-0.072374
-0.080696
-0.089173
-0.097635
-0.105915
-0.113854
-0.121300
-0.128113
-0.134167
-0.139349
-0.143566
-0.146740
-0.148815
-0.149752
-0.149533
-0.148161
-0.145655
-0.142057
-0.137422
-0.131822
-0.125346
-0.118090
-0.110166
-0.101688
-0.092779
-0.083565
-0.074171
-0.064721
-0.055333
-0.046120
-0.037188
-0.028627
-0.020521
-0.012934
-0.005921
0.000484
0.006259
0.011403
0.015928
0.019864
0.023255
0.026161
0.028654
0.030816
0.032742
0.034531
0.036290
0.038127
0.040152
0.042473
0.045193
0.048409
0.052209
0.056671
0.061858
0.067820
0.074590
0.082184
0.090599
0.099812
0.109785
0.120455
0.131744
0.143556
0.155776
0.168276
0.180912
0.193529
0.205962
0.218042
0.229591
0.240432
0.250389
0.259289
0.266966
0.273265
0.278041
0.281166
0.282528
0.282035
0.279615
0.275220
0.268826
0.260432
0.250065
0.237775
0.223638
0.207754
0.190246
0.171260
0.150961
0.129532
0.107171
0.084090
0.060511
0.036661
0.012772
-0.010922
-0.034194
-0.056819
-0.078584
-0.099288
-0.118744
-0.136783
-0.153259
-0.168045
-0.181041
-0.192170
-0.201384
-0.208661
-0.214006
-0.217452
-0.219057
-0.218905
-0.217105
-0.213784
-0.209094
-0.203199
-0.196281
-0.188530
-0.180147
-0.171336
-0.162302
-0.153248
-0.144372
-0.135862
-0.127893
-0.120628
-0.114208
-0.108757
-0.104373
-0.101132
-0.099084
-0.098251
-0.098630
-0.100188
-0.102869
-0.106587
-0.111233
-0.116677
-0.122765
-0.129328
-0.136178
-0.143117
-0.149939
-0.156430
-0.162377
-0.167566
-0.171793
-0.174860
-0.176584
-0.176798
-0.175356
-0.172135
-0.167035
-0.159987
-0.150951
-0.139918
-0.126910
-0.111984
-0.095228
-0.076761
-0.056735
-0.035331
-0.012757
0.010755
0.034950
0.059554
0.084278
0.108824
0.132884
0.156151
0.178315
0.199077
0.218145
0.235245
0.250121
0.262539
0.272294
0.279210
0.283144
0.283991
0.281681
0.276184
0.267513
0.255717
0.240891
0.223167
0.202715
0.179745
0.154499
0.127253
0.098308
0.067994
0.036659
0.004669
-0.027599
-0.059762
-0.091433
-0.122231
-0.151779
-0.179717
-0.205700
-0.229405
-0.250538
-0.268832
-0.284055
-0.296014
-0.304551
-0.309553
-0.310948
-0.308708
-0.302848
-0.293429
-0.280553
-0.264363
-0.245044
-0.222816
-0.197933
-0.170680
-0.141370
-0.110335
-0.077931
-0.044522
-0.010486
0.023800
0.057954
0.091605
0.124388
0.155955
0.185975
0.214142
0.240174
0.263821
0.284863
0.303116
0.318432
0.330700
0.339847
0.345840
0.348684
0.348418
0.345122
0.338907
0.329916
0.318322
0.304324
0.288145
0.270025
0.250222
0.229006
0.206652
0.183443
0.159658
0.135576
0.111466
0.087587
0.064183
0.041483
0.019695
-0.000996
-0.020426
-0.038458
-0.054980
-0.069909
-0.083185
-0.094777
-0.104680
-0.112914
-0.119521
-0.124565
-0.128131
-0.130320
-0.131249
-0.131046
-0.129851
-0.127808
-0.125067
-0.121777
-0.118088
-0.114144
-0.110084
-0.106036
-0.102120
-0.098441
-0.095093
-0.092151
-0.089677
-0.087718
-0.086301
-0.085439
-0.085129
-0.085354
-0.086080
-0.087264
-0.088850
-0.090773
-0.092961
-0.095337
-0.097819
-0.100325
-0.102773
-0.105085
-0.107186
-0.109009
-0.110494
-0.111591
-0.112261
-0.112476
-0.112221
-0.111495
-0.110306
-0.108680
-0.106650
-0.104265
-0.101582
-0.098667
-0.095597
-0.092451
-0.089315
-0.086276
-0.083422
-0.080840
-0.078611
-0.076811
-0.075509
-0.074761
-0.074615
-0.075103
-0.076243
-0.078038
-0.080474
-0.083520
-0.087127
-0.091229
-0.095745
-0.100576
-0.105609
-0.110718
-0.115764
-0.120601
-0.125072
-0.129018
-0.132276
-0.134684
-0.136083
-0.136320
-0.135250
-0.132743
-0.128679
-0.122959
-0.115500
-0.106243
-0.095151
-0.082213
-0.067442
-0.050880
-0.032596
-0.012685
0.008731
0.031503
0.055456
0.080396
0.106104
0.132343
0.158863
0.185397
0.211670
0.237402
0.262310
0.286111
0.308529
0.329295
0.348154
0.364868
0.379217
0.391006
0.400065
0.406252
0.409458
0.409606
0.406653
0.400593
0.391452
0.379297
0.364226
0.346375
0.325910
0.303031
0.277964
0.250963
0.222302
0.192278
0.161200
0.129391
0.097179
0.064898
0.032877
0.001443
-0.029091
-0.058422
-0.086267
-0.112366
-0.136482
-0.158406
-0.177962
-0.195004
-0.209423
-0.221145
-0.230131
-0.236382
-0.239931
-0.240851
-0.239247
-0.235254
-0.229041
-0.220802
-0.210755
-0.199138
-0.186207
-0.172230
-0.157484
-0.142251
-0.126811
-0.111441
-0.096412
-0.081977
-0.068379
-0.055837
-0.044548
-0.034684
-0.026388
-0.019773
-0.014920
-0.011878
-0.010660
-0.011249
-0.013594
-0.017611
-0.023189
-0.030185
-0.038434
-0.047745
-0.057911
-0.068705
-0.079891
-0.091224
-0.102454
-0.113330
-0.123608
-0.133050
-0.141432
-0.148543
-0.154196
-0.158222
-0.160481
-0.160860
-0.159276
-0.155679
-0.150050
-0.142404
-0.132792
-0.121294
-0.108025
-0.093129
-0.076780
-0.059177
-0.040542
-0.021120
-0.001168
0.019039
0.039222
0.059093
0.078368
0.096763
0.114006
0.129832
0.143999
0.156279
0.166471
0.174400
0.179921
0.182919
0.183314
0.181062
0.176154
0.168617
0.158515
0.145948
0.131049
0.113984
0.094952
0.074176
0.051908
0.028420
0.003999
-0.021048
-0.046408
-0.071762
-0.096789
-0.121170
-0.144594
-0.166763
-0.187391
-0.206213
-0.222987
-0.237496
-0.249551
-0.258996
-0.265706
-0.269589
-0.270592
-0.268695
-0.263913
-0.256299
-0.245939
-0.232950
-0.217482
-0.199713
-0.179845
-0.158106
-0.134742
-0.110015
-0.084199
-0.057577
-0.030438
-0.003071
0.024240
0.051213
0.077580
0.103085
0.127487
0.150568
0.172127
0.191990
0.210008
0.226057
0.240042
0.251896
0.261579
0.269080
0.274413
0.277620
0.278764
0.277934
0.275236
0.270795
0.264752
0.257260
0.248480
0.238583
0.227741
0.216129
0.203920
0.191282
0.178376
0.165355
0.152361
0.139521
0.126951
0.114748
0.102995
0.091757
0.081084
0.071006
0.061539
0.052682
0.044422
0.036728
0.029562
0.022874
0.016604
0.010690
0.005062
-0.000351
-0.005619
-0.010811
-0.015991
-0.021219
-0.026546
-0.032014
-0.037657
-0.043495
-0.049540
-0.055788
-0.062224
-0.068822
-0.075543
-0.082337
-0.089145
-0.095896
-0.102515
-0.108919
-0.115023
-0.120738
-0.125976
-0.130650
-0.134679
-0.137985
-0.140502
-0.142171
-0.142946
-0.142795
-0.141699
-0.139656
-0.136681
-0.132803
-0.128072
-0.122554
-0.116329
-0.109496
-0.102167
-0.094468
-0.086537
-0.078520
-0.070570
-0.062848
-0.055514
-0.048728
-0.042649
-0.037428
-0.033206
-0.030115
-0.028270
-0.027771
-0.028698
-0.031109
-0.035039
-0.040501
-0.047478
-0.055930
-0.065788
-0.076960
-0.089323
-0.102733
-0.117020
-0.131993
-0.147440
-0.163133
-0.178830
-0.194275
-0.209208
-0.223361
-0.236469
-0.248269
-0.258503
-0.266929
-0.273317
-0.277457
-0.279160
-0.278265
-0.274637
-0.268175
-0.258810
-0.246509
-0.231274
-0.213146
-0.192205
-0.168567
-0.142385
-0.113850
-0.083183
-0.050641
-0.016508
0.018907
0.055269
0.092229
0.129420
0.166469
0.202994
0.238615
0.272955
0.305648
0.336341
0.364700
0.390413
0.413196
0.432796
0.448994
0.461608
0.470496
0.475558
0.476736
0.474019
0.467436
0.457064
0.443020
0.425464
0.404597
0.380653
0.353905
0.324654
0.293227
0.259975
0.225267
0.189484
0.153015
0.116256
0.079596
0.043422
0.008106
-0.025994
-0.058540
-0.089222
-0.117754
-0.143885
-0.167397
-0.188110
-0.205881
-0.220608
-0.232232
-0.240730
-0.246124
-0.248472
-0.247874
-0.244462
-0.238403
-0.229896
-0.219163
-0.206455
-0.192038
-0.176195
-0.159220
-0.141413
-0.123078
-0.104513
-0.086013
-0.067859
-0.050320
-0.033645
-0.018061
-0.003771
0.009050
0.020254
0.029728
0.037386
0.043179
0.047088
0.049126
0.049339
0.047801
0.044615
0.039910
0.033837
0.026567
0.018289
0.009205
-0.000473
-0.010529
-0.020743
-0.030896
-0.040776
-0.050179
-0.058913
-0.066801
-0.073687
-0.079431
-0.083921
-0.087067
-0.088805
-0.089098
-0.087937
-0.085342
-0.081356
-0.076052
-0.069525
-0.061894
-0.053298
-0.043897
-0.033865
-0.023387
-0.012660
-0.001886
0.008729
0.018980
0.028668
0.037598
0.045589
0.052472
0.058093
0.062321
0.065043
0.066170
0.065637
0.063408
0.059469
0.053837
0.046552
0.037683
0.027323
0.015588
0.002618
-0.011430
-0.026378
-0.042035
-0.058197
-0.074653
-0.091183
-0.107566
-0.123582
-0.139015
-0.153655
-0.167303
-0.179772
-0.190892
-0.200510
-0.208495
-0.214734
-0.219142
-0.221656
-0.222238
-0.220876
-0.217583
-0.212399
-0.205384
-0.196624
-0.186224
-0.174310
-0.161025
-0.146526
-0.130982
-0.114572
-0.097483
-0.079904
-0.062026
-0.044037
-0.026121
-0.008454
0.008796
0.025476
0.041445
0.056580
0.070772
0.083934
0.095998
0.106913
0.116650
0.125201
0.132575
0.138799
0.143919
0.147996
0.151102
0.153326
0.154762
0.155514
0.155691
0.155404
0.154764
0.153882
0.152861
0.151800
0.150789
0.149908
0.149222
0.148785
0.148637
0.148801
0.149285
0.150080
0.151162
0.152492
0.154017
0.155670
0.157371
0.159032
0.160555
0.161837
0.162769
0.163243
0.163151
0.162385
0.160847
0.158444
0.155094
0.150729
0.145292
0.138744
0.131062
0.122242
0.112300
0.101271
0.089207
0.076185
0.062296
0.047651
0.032377
0.016618
0.000527
-0.015727
-0.031971
-0.048025
-0.063704
-0.078825
-0.093208
-0.106679
-0.119072
-0.130233
-0.140025
-0.148325
-0.155033
-0.160067
-0.163373
-0.164919
-0.164699
-0.162737
-0.159081
-0.153806
-0.147016
-0.138838
-0.129424
-0.118945
-0.107597
-0.095589
-0.083146
-0.070502
-0.057901
-0.045590
-0.033816
-0.022821
-0.012841
-0.004101
0.003191
0.008845
0.012692
0.014589
0.014421
0.012103
0.007582
0.000839
-0.008110
-0.019215
-0.032388
-0.047508
-0.064421
-0.082938
-0.102844
-0.123891
-0.145810
-0.168309
-0.191079
-0.213797
-0.236131
-0.257744
-0.278298
-0.297460
-0.314908
-0.330331
-0.343439
-0.353963
-0.361661
-0.366323
-0.367772
-0.365868
-0.360510
-0.351638
-0.339237
-0.323333
-0.303998
-0.281345
-0.255532
-0.226758
-0.195259
-0.161308
-0.125214
-0.087311
-0.047963
-0.007553
0.033518
0.074840
0.115993
0.156558
0.196118
0.234267
0.270611
0.304778
0.336416
0.365204
0.390851
0.413104
0.431746
0.446604
0.457545
0.464485
0.467383
0.466243
0.461118
0.452103
0.439337
0.423000
0.403312
0.380526
0.354929
0.326836
0.296584
0.264532
0.231052
0.196527
0.161344
0.125890
0.090549
0.055692
0.021680
-0.011148
-0.042473
-0.072001
-0.099471
-0.124650
-0.147341
-0.167381
-0.184647
-0.199051
-0.210544
-0.219115
-0.224789
-0.227626
-0.227720
-0.225197
-0.220210
-0.212939
-0.203584
-0.192368
-0.179524
-0.165300
-0.149950
-0.133732
-0.116904
-0.099718
-0.082421
-0.065248
-0.048419
-0.032139
-0.016594
-0.001947
0.011660
0.024110
0.035311
0.045195
0.053720
0.060869
0.066649
0.071089
0.074239
0.076168
0.076964
0.076726
0.075569
0.073615
0.070993
0.067836
0.064278
0.060451
0.056483
0.052494
0.048595
0.044887
0.041457
0.038376
0.035701
0.033472
0.031712
0.030425
0.029599
0.029207
0.029204
0.029531
0.030115
0.030874
0.031714
0.032535
0.033231
0.033694
0.033816
0.033490
0.032614
0.031092
0.028839
0.025780
0.021853
0.017009
0.011218
0.004465
-0.003248
-0.011897
-0.021444
-0.031831
-0.042983
-0.054806
-0.067195
-0.080026
-0.093166
-0.106472
-0.119790
-0.132964
-0.145831
-0.158231
-0.170004
-0.180995
-0.191056
-0.200048
-0.207847
-0.214339
-0.219429
-0.223040
-0.225112
-0.225607
-0.224508
-0.221820
-0.217569
-0.211803
-0.204589
-0.196018
-0.186195
-0.175245
-0.163307
-0.150534
-0.137088
-0.123140
-0.108866
-0.094445
-0.080055
-0.065872
-0.052065
-0.038794
-0.026209
-0.014445
-0.003621
0.006160
0.014816
0.022287
0.028533
0.033537
0.037305
0.039866
0.041270
0.041589
0.040915
0.039358
0.037045
0.034117
0.030727
0.027037
0.023214
0.019432
0.015861
0.012671
0.010025
0.008077
0.006969
0.006831
0.007772
0.009886
0.013243
0.017890
0.023854
0.031133
0.039701
0.049508
0.060479
0.072514
0.085491
0.099265
0.113675
0.128541
0.143668
0.158852
0.173879
0.188531
0.202588
0.215831
0.228048
0.239035
0.248601
0.256569
0.262781
0.267101
0.269417
0.269641
0.267714
0.263605
0.257313
0.248867
0.238328
0.225784
0.211352
0.195179
0.177435
0.158314
0.138030
0.116816
0.094918
0.072593
0.050106
0.027725
0.005716
-0.015659
-0.036145
-0.055503
-0.073506
-0.089951
-0.104655
-0.117461
-0.128241
-0.136897
-0.143365
-0.147610
-0.149635
-0.149474
-0.147198
-0.142909
-0.136739
-0.128853
-0.119441
-0.108718
-0.096923
-0.084308
-0.071144
-0.057709
-0.044289
-0.031171
-0.018637
-0.006965
0.003580
0.012749
0.020313
0.026066
0.029828
0.031450
0.030817
0.027846
0.022491
0.014746
0.004639
-0.007761
-0.022348
-0.038979
-0.057478
-0.077634
-0.099208
-0.121932
-0.145516
-0.169651
-0.194009
-0.218257
-0.242049
-0.265044
-0.286899
-0.307282
-0.325873
-0.342370
-0.356492
-0.367983
-0.376619
-0.382207
-0.384589
-0.383649
-0.379306
-0.371525
-0.360311
-0.345710
-0.327815
-0.306755
-0.282702
-0.255864
-0.226485
-0.194841
-0.161237
-0.126001
-0.089484
-0.052053
-0.014085
0.024034
0.061919
0.099184
0.135454
0.170365
0.203568
0.234738
0.263574
0.289802
0.313181
0.333505
0.350604
0.364345
0.374635
0.381424
0.384699
0.384487
0.380857
0.373912
0.363793
0.350672
0.334755
0.316272
0.295480
0.272652
0.248083
0.222076
0.194943
0.167003
0.138573
0.109964
0.081484
0.053425
0.026067
-0.000328
-0.025519
-0.049290
-0.071448
-0.091827
-0.110288
-0.126723
-0.141050
-0.153218
-0.163204
-0.171010
-0.176668
-0.180229
-0.181772
-0.181392
-0.179205
-0.175339
-0.169937
-0.163151
-0.155138
-0.146062
-0.136087
-0.125374
-0.114083
-0.102366
-0.090367
-0.078220
-0.066048
-0.053960
-0.042053
-0.030406
-0.019087
-0.008148
0.002373
0.012454
0.022084
0.031263
0.040003
0.048325
0.056256
0.063830
0.071082
0.078051
0.084776
0.091292
0.097631
0.103820
0.109878
0.115819
0.121642
0.127342
0.132899
0.138284
0.143457
0.148367
0.152953
0.157145
0.160865
0.164028
0.166542
0.168316
0.169252
0.169257
0.168238
0.166106
0.162781
0.158192
0.152276
0.144987
0.136290
0.126169
0.114624
0.101673
0.087356
0.071731
0.054876
0.036890
0.017889
-0.001989
-0.022592
-0.043751
-0.065283
-0.086993
-0.108677
-0.130124
-0.151120
-0.171449
-0.190896
-0.209252
-0.226316
-0.241898
-0.255822
-0.267929
-0.278077
-0.286149
-0.292050
-0.295710
-0.297088
-0.296168
-0.292964
-0.287521
-0.279908
-0.270226
-0.258601
-0.245185
-0.230153
-0.213704
-0.196052
-0.177430
-0.158083
-0.138265
-0.118235
-0.098258
-0.078593
-0.059496
-0.041214
-0.023982
-0.008017
0.006482
0.019338
0.030400
0.039544
0.046675
0.051729
0.054675
0.055513
0.054277
0.051032
0.045875
0.038935
0.030368
0.020356
0.009105
-0.003158
-0.016189
-0.029729
-0.043510
-0.057259
-0.070699
-0.083555
-0.095562
-0.106460
-0.116009
-0.123982
-0.130178
-0.134417
-0.136551
-0.136457
-0.134048
-0.129269
-0.122101
-0.112559
-0.100695
-0.086593
-0.070373
-0.052188
-0.032220
-0.010678
0.012201
0.036162
0.060928
0.086211
0.111710
0.137119
0.162131
0.186441
0.209752
0.231775
0.252241
0.270896
0.287512
0.301886
0.313843
0.323241
0.329970
0.333956
0.335161
0.333583
0.329256
0.322251
0.312673
0.300659
0.286379
0.270031
0.251838
0.232044
0.210913
0.188724
0.165764
0.142330
0.118718
0.095221
0.072128
0.049714
0.028242
0.007954
-0.010929
-0.028212
-0.043727
-0.057338
-0.068938
-0.078458
-0.085858
-0.091138
-0.094327
-0.095492
-0.094728
-0.092165
-0.087957
-0.082287
-0.075357
-0.067393
-0.058632
-0.049324
-0.039728
-0.030105
-0.020715
-0.011813
-0.003647
0.003553
0.009568
0.014203
0.017286
0.018672
0.018242
0.015911
0.011625
0.005363
-0.002863
-0.013006
-0.024985
-0.038690
-0.053977
-0.070677
-0.088590
-0.107497
-0.127158
-0.147314
-0.167695
-0.188023
-0.208013
-0.227380
-0.245843
-0.263128
-0.278972
-0.293128
-0.305369
-0.315488
-0.323306
-0.328669
-0.331457
-0.331579
-0.328978
-0.323632
-0.315554
-0.304788
-0.291418
-0.275554
-0.257343
-0.236958
-0.214599
-0.190491
-0.164881
-0.138030
-0.110218
-0.081732
-0.052868
-0.023921
0.004811
0.033037
0.060475
0.086854
0.111921
0.135438
0.157192
0.176993
0.194675
0.210102
0.223166
0.233788
0.241920
0.247544
0.250671
0.251341
0.249621
0.245605
0.239410
0.231175
0.221057
0.209231
0.195885
0.181218
0.165436
0.148750
0.131372
0.113513
0.095379
0.077170
0.059076
0.041277
0.023936
0.007203
-0.008788
-0.023922
-0.038101
-0.051246
-0.063299
-0.074217
-0.083977
-0.092570
-0.100007
-0.106309
-0.111513
-0.115664
-0.118819
-0.121039
-0.122393
-0.122950
-0.122782
-0.121959
-0.120548
-0.118614
-0.116212
-0.113393
-0.110199
-0.106661
-0.102804
-0.098639
-0.094170
-0.089392
-0.084288
-0.078836
-0.073005
-0.066759
-0.060058
-0.052859
-0.045118
-0.036792
-0.027841
-0.018231
-0.007933
0.003073
0.014797
0.027235
0.040374
0.054181
0.068614
0.083609
0.099092
0.114966
0.131124
0.147441
0.163776
0.179978
0.195882
0.211316
0.226096
0.240037
0.252950
0.264645
0.274936
0.283641
0.290590
0.295622
0.298591
0.299370
0.297849
0.293942
0.287588
0.278751
0.267424
0.253627
0.237411
0.218858
0.198077
0.175208
0.150420
0.123909
0.095893
0.066618
0.036345
0.005358
-0.026051
-0.057574
-0.088899
-0.119711
-0.149696
-0.178545
-0.205957
-0.231647
-0.255347
-0.276806
-0.295804
-0.312143
-0.325658
-0.336219
-0.343727
-0.348123
-0.349385
-0.347528
-0.342609
-0.334720
-0.323990
-0.310587
-0.294709
-0.276586
-0.256478
-0.234667
-0.211459
-0.187174
-0.162148
-0.136724
-0.111246
-0.086062
-0.061510
-0.037920
-0.015606
0.005137
0.024038
0.040852
0.055364
0.067395
0.076800
0.083473
0.087346
0.088393
0.086629
0.082109
0.074927
0.065218
0.053150
0.038930
0.022791
0.004999
-0.014159
-0.034374
-0.055322
-0.076666
-0.098066
-0.119176
-0.139654
-0.159169
-0.177398
-0.194038
-0.208805
-0.221443
-0.231721
-0.239443
-0.244447
-0.246605
-0.245832
-0.242078
-0.235337
-0.225640
-0.213061
-0.197708
-0.179730
-0.159309
-0.136658
-0.112020
-0.085664
-0.057880
-0.028975
0.000730
0.030905
0.061216
0.091329
0.120916
0.149657
0.177246
0.203394
0.227834
0.250323
0.270647
0.288620
0.304089
0.316936
0.327077
0.334465
0.339086
0.340964
0.340155
0.336751
0.330870
0.322664
0.312307
0.299998
0.285954
0.270408
0.253608
0.235805
0.217259
0.198228
0.178967
0.159724
0.140736
0.122224
0.104396
0.087435
0.071504
0.056743
0.043263
0.031149
0.020459
0.011223
0.003442
-0.002910
-0.007883
-0.011554
-0.014020
-0.015401
-0.015832
-0.015464
-0.014460
-0.012991
-0.011234
-0.009368
-0.007570
-0.006013
-0.004861
-0.004269
-0.004377
-0.005308
-0.007169
-0.010046
-0.014001
-0.019075
-0.025285
-0.032623
-0.041057
-0.050533
-0.060971
-0.072273
-0.084319
-0.096971
-0.110075
-0.123466
-0.136966
-0.150390
-0.163550
-0.176254
-0.188315
-0.199547
-0.209774
-0.218832
-0.226567
-0.232843
-0.237543
-0.240569
-0.241844
-0.241317
-0.238958
-0.234764
-0.228756
-0.220978
-0.211499
-0.200414
-0.187834
-0.173894
-0.158746
-0.142558
-0.125510
-0.107794
-0.089609
-0.071159
-0.052650
-0.034287
-0.016271
0.001204
0.017954
0.033807
0.048605
0.062207
0.074490
0.085351
0.094709
0.102503
0.108696
0.113273
0.116239
0.117625
0.117477
0.115866
0.112876
0.108610
0.103184
0.096725
0.089370
0.081263
0.072552
0.063387
0.053916
0.044284
0.034632
0.025092
0.015783
0.006818
-0.001709
-0.009715
-0.017134
-0.023916
-0.030029
-0.035456
-0.040196
-0.044266
-0.047695
-0.050528
-0.052821
-0.054641
-0.056061
-0.057164
-0.058035
-0.058760
-0.059428
-0.060122
-0.060921
-0.061896
-0.063112
-0.064618
-0.066453
-0.068643
-0.071195
-0.074105
-0.077347
-0.080882
-0.084653
-0.088588
-0.092597
-0.096581
-0.100424
-0.104001
-0.107180
-0.109821
-0.111781
-0.112915
-0.113083
-0.112146
-0.109975
-0.106451
-0.101468
-0.094934
-0.086780
-0.076953
-0.065424
-0.052189
-0.037269
-0.020712
-0.002590
0.016995
0.037916
0.060017
0.083122
0.107029
0.131515
0.156339
0.181243
0.205959
0.230206
0.253698
0.276150
0.297275
0.316793
0.334434
0.349943
0.363081
0.373631
0.381400
0.386224
0.387969
0.386536
0.381860
0.373912
0.362704
0.348284
0.330739
0.310198
0.286822
0.260812
0.232400
0.201852
0.169461
0.135544
0.100441
0.064507
0.028111
-0.008370
-0.044556
-0.080068
-0.114536
-0.147598
-0.178911
-0.208149
-0.235014
-0.259236
-0.280577
-0.298834
-0.313844
-0.325482
-0.333668
-0.338364
-0.339575
-0.337351
-0.331784
-0.323010
-0.311202
-0.296573
-0.279370
-0.259870
-0.238380
-0.215229
-0.190766
-0.165353
-0.139362
-0.113170
-0.087152
-0.061678
-0.037106
-0.013780
0.007977
0.027867
0.045620
0.060998
0.073799
0.083858
0.091049
0.095288
0.096534
0.094787
0.090091
0.082529
0.072227
0.059346
0.044086
0.026676
0.007377
-0.013525
-0.035724
-0.058895
-0.082702
-0.106799
-0.130841
-0.154480
-0.177377
-0.199204
-0.219648
-0.238415
-0.255234
-0.269863
-0.282086
-0.291724
-0.298627
-0.302686
-0.303827
-0.302013
-0.297246
-0.289565
-0.279044
-0.265794
-0.249955
-0.231702
-0.211234
-0.188776
-0.164572
-0.138887
-0.111996
-0.084185
-0.055747
-0.026972
0.001847
0.030426
0.058490
0.085780
0.112049
0.137072
0.160646
0.182592
0.202754
0.221005
0.237248
0.251409
0.263446
0.273344
0.281114
0.286794
0.290444
0.292147
0.292006
0.290142
0.286690
0.281797
0.275618
0.268315
0.260055
0.251001
0.241317
0.231160
0.220680
0.210015
0.199293
0.188629
0.178121
0.167850
0.157883
0.148268
0.139036
0.130200
0.121758
0.113692
0.105972
0.098551
0.091375
0.084380
0.077495
0.070645
0.063752
0.056739
0.049530
0.042055
0.034249
0.026059
0.017438
0.008355
-0.001210
-0.011262
-0.021791
-0.032769
-0.044156
-0.055894
-0.067910
-0.080119
-0.092419
-0.104700
-0.116840
-0.128710
-0.140174
-0.151093
-0.161327
-0.170736
-0.179184
-0.186542
-0.192690
-0.197518
-0.200929
-0.202841
-0.203192
-0.201935
-0.199045
-0.194518
-0.188370
-0.180641
-0.171392
-0.160704
-0.148683
-0.135450
-0.121146
-0.105930
-0.089974
-0.073461
-0.056587
-0.039551
-0.022560
-0.005819
0.010467
0.026097
0.040880
0.054634
0.067190
0.078396
0.088118
0.096241
0.102673
0.107345
0.110211
0.111254
0.110478
0.107915
0.103621
0.097676
0.090183
0.081267
0.071070
0.059753
0.047492
0.034472
0.020890
0.006947
-0.007152
-0.021204
-0.035009
-0.048374
-0.061116
-0.073064
-0.084062
-0.093974
-0.102682
-0.110091
-0.116127
-0.120743
-0.123915
-0.125645
-0.125958
-0.124907
-0.122565
-0.119029
-0.114414
-0.108856
-0.102504
-0.095523
-0.088085
-0.080370
-0.072563
-0.064848
-0.057407
-0.050414
-0.044035
-0.038424
-0.033718
-0.030036
-0.027478
-0.026118
-0.026009
-0.027177
-0.029621
-0.033313
-0.038200
-0.044200
-0.051206
-0.059087
-0.067690
-0.076841
-0.086348
-0.096005
-0.105593
-0.114887
-0.123656
-0.131667
-0.138691
-0.144508
-0.148904
-0.151684
-0.152668
-0.151698
-0.148642
-0.143392
-0.135871
-0.126036
-0.113872
-0.099401
-0.082680
-0.063799
-0.042883
-0.020089
0.004394
0.030345
0.057521
0.085651
0.114443
0.143591
0.172773
0.201658
0.229913
0.257201
0.283194
0.307569
0.330019
0.350255
0.368008
0.383036
0.395129
0.404106
0.409823
0.412174
0.411093
0.406554
0.398572
0.387204
0.372549
0.354746
0.333971
0.310439
0.284396
0.256122
0.225920
0.194120
0.161070
0.127132
0.092677
0.058084
0.023730
-0.010014
-0.042785
-0.074234
-0.104034
-0.131877
-0.157485
-0.180611
-0.201040
-0.218595
-0.233138
-0.244569
-0.252833
-0.257913
-0.259837
-0.258671
-0.254523
-0.247540
-0.237901
-0.225821
-0.211544
-0.195341
-0.177503
-0.158341
-0.138180
-0.117351
-0.096194
-0.075044
-0.054234
-0.034086
-0.014909
0.003007
0.019392
0.034003
0.046626
0.057076
0.065203
0.070892
0.074063
0.074673
0.072718
0.068229
0.061272
0.051950
0.040396
0.026776
0.011280
-0.005875
-0.024450
-0.044191
-0.064828
-0.086081
-0.107665
-0.129293
-0.150679
-0.171544
-0.191618
-0.210644
-0.228382
-0.244609
-0.259128
-0.271763
-0.282365
-0.290812
-0.297013
-0.300902
-0.302446
-0.301640
-0.298505
-0.293094
-0.285481
-0.275766
-0.264072
-0.250540
-0.235329
-0.218612
-0.200572
-0.181403
-0.161302
-0.140471
-0.119108
-0.097411
-0.075572
-0.053772
-0.032185
-0.010970
0.009726
0.029774
0.049058
0.067482
0.084966
0.101449
0.116884
0.131244
0.144517
0.156705
0.167823
0.177898
0.186968
0.195078
0.202279
0.208627
0.214181
0.218998
0.223135
0.226645
0.229577
0.231972
0.233864
0.235280
0.236236
0.236737
0.236781
0.236354
0.235433
0.233986
0.231973
0.229347
0.226057
0.222046
0.217255
0.211626
0.205102
0.197628
0.189158
0.179649
0.169072
0.157407
0.144645
0.130795
0.115880
0.099939
0.083028
0.065223
0.046615
0.027314
0.007447
-0.012844
-0.033400
-0.054051
-0.074613
-0.094896
-0.114699
-0.133819
-0.152051
-0.169190
-0.185036
-0.199395
-0.212084
-0.222933
-0.231787
-0.238509
-0.242985
-0.245124
-0.244857
-0.242146
-0.236979
-0.229374
-0.219378
-0.207068
-0.192550
-0.175961
-0.157463
-0.137244
-0.115518
-0.092520
-0.068503
-0.043736
-0.018501
0.006909
0.032200
0.057072
0.081229
0.104383
0.126253
0.146574
0.165098
0.181598
0.195872
0.207742
0.217064
0.223721
0.227633
0.228751
0.227065
0.222597
0.215407
0.205587
0.193264
0.178596
0.161770
0.143002
0.122528
0.100608
0.077517
0.053545
0.028989
0.004153
-0.020660
-0.045150
-0.069023
-0.092000
-0.113815
-0.134221
-0.152997
-0.169945
-0.184895
-0.197709
-0.208280
-0.216536
-0.222440
-0.225986
-0.227207
-0.226166
-0.222960
-0.217717
-0.210593
-0.201769
-0.191449
-0.179857
-0.167233
-0.153827
-0.139900
-0.125713
-0.111530
-0.097607
-0.084193
-0.071525
-0.059821
-0.049282
-0.040084
-0.032376
-0.026282
-0.021893
-0.019268
-0.018436
-0.019389
-0.022089
-0.026464
-0.032410
-0.039795
-0.048458
-0.058212
-0.068848
-0.080139
-0.091842
-0.103701
-0.115454
-0.126835
-0.137578
-0.147423
-0.156119
-0.163427
-0.169128
-0.173020
-0.174929
-0.174705
-0.172231
-0.167418
-0.160213
-0.150598
-0.138589
-0.124240
-0.107636
-0.088901
-0.068189
-0.045685
-0.021603
0.003816
0.030311
0.057600
0.085387
0.113364
0.141219
0.168634
0.195295
0.220894
0.245133
0.267731
0.288423
0.306968
0.323152
0.336787
0.347718
0.355823
0.361018
0.363250
0.362507
0.358813
0.352228
0.342849
0.330806
0.316261
0.299407
0.280464
0.259674
0.237304
0.213632
0.188952
0.163568
0.137784
0.111908
0.086241
0.061079
0.036704
0.013381
-0.008643
-0.029144
-0.047923
-0.064811
-0.079665
-0.092378
-0.102872
-0.111104
-0.117065
-0.120776
-0.122294
-0.121703
-0.119118
-0.114681
-0.108557
-0.100935
-0.092019
-0.082031
-0.071204
-0.059777
-0.047995
-0.036104
-0.024345
-0.012953
-0.002154
0.007842
0.016837
0.024657
0.031146
0.036172
0.039628
0.041433
0.041533
0.039901
0.036537
0.031468
0.024747
0.016450
0.006678
-0.004449
-0.016791
-0.030191
-0.044480
-0.059477
-0.074994
-0.090838
-0.106812
-0.122722
-0.138378
-0.153594
-0.168197
-0.182022
-0.194921
-0.206757
-0.217414
-0.226792
-0.234812
-0.241412
-0.246553
-0.250214
-0.252392
-0.253106
-0.252390
-0.250294
-0.246884
-0.242238
-0.236446
-0.229606
-0.221822
-0.213203
-0.203862
-0.193909
-0.183455
-0.172606
-0.161460
-0.150112
-0.138644
-0.127131
-0.115634
-0.104206
-0.092885
-0.081698
-0.070659
-0.059774
-0.049033
-0.038422
-0.027914
-0.017477
-0.007074
0.003337
0.013799
0.024355
0.035045
0.045907
0.056971
0.068261
0.079790
0.091562
0.103567
0.115784
0.128176
0.140693
0.153270
0.165829
0.178275
0.190502
0.202391
0.213814
0.224632
0.234699
0.243865
0.251977
0.258881
0.264428
0.268473
0.270878
0.271519
0.270281
0.267070
0.261808
0.254440
0.244930
0.233272
0.219481
0.203604
0.185711
0.165904
0.144310
0.121085
0.096411
0.070493
0.043562
0.015868
-0.012322
-0.040724
-0.069042
-0.096973
-0.124210
-0.150443
-0.175368
-0.198686
-0.220111
-0.239372
-0.256218
-0.270421
-0.281778
-0.290117
-0.295299
-0.297218
-0.295808
-0.291038
-0.282919
-0.271501
-0.256873
-0.239165
-0.218545
-0.195218
-0.169421
-0.141426
-0.111534
-0.080068
-0.047376
-0.013822
0.020218
0.054357
0.088208
0.121383
0.153502
0.184194
0.213106
0.239904
0.264280
0.285954
0.304677
0.320238
0.332461
0.341212
0.346400
0.347974
0.345929
0.340303
0.331176
0.318670
0.302948
0.284208
0.262686
0.238646
0.212384
0.184215
0.154477
0.123522
0.091711
0.059412
0.026992
-0.005187
-0.036769
-0.067416
-0.096806
-0.124639
-0.150642
-0.174572
-0.196217
-0.215400
-0.231980
-0.245855
-0.256962
-0.265275
-0.270809
-0.273614
-0.273780
-0.271428
-0.266712
-0.259817
-0.250951
-0.240347
-0.228255
-0.214939
-0.200674
-0.185742
-0.170424
-0.155000
-0.139743
-0.124912
-0.110754
-0.097496
-0.085343
-0.074476
-0.065048
-0.057181
-0.050970
-0.046474
-0.043723
-0.042712
-0.043404
-0.045734
-0.049603
-0.054888
-0.061439
-0.069083
-0.077628
-0.086866
-0.096575
-0.106526
-0.116482
-0.126207
-0.135467
-0.144034
-0.151690
-0.158230
-0.163468
-0.167236
-0.169387
-0.169803
-0.168389
-0.165079
-0.159836
-0.152653
-0.143553
-0.132587
-0.119836
-0.105406
-0.089430
-0.072066
-0.053488
-0.033894
-0.013492
0.007494
0.028833
0.050290
0.071627
0.092609
0.113005
0.132595
0.151170
0.168535
0.184514
0.198952
0.211716
0.222696
0.231808
0.238996
0.244228
0.247501
0.248839
0.248290
0.245930
0.241855
0.236185
0.229057
0.220627
0.211063
0.200547
0.189266
0.177415
0.165188
0.152782
0.140385
0.128181
0.116342
0.105029
0.094387
0.084543
0.075605
0.067663
0.060782
0.055008
0.050361
0.046841
0.044425
0.043068
0.042705
0.043252
0.044609
0.046659
0.049275
0.052316
0.055636
0.059084
0.062505
0.065746
0.068657
0.071094
0.072921
0.074014
0.074261
0.073567
0.071851
0.069051
0.065127
0.060054
0.053831
0.046475
0.038025
0.028536
0.018085
0.006762
-0.005324
-0.018053
-0.031294
-0.044905
-0.058738
-0.072641
-0.086462
-0.100046
-0.113247
-0.125919
-0.137929
-0.149152
-0.159477
-0.168805
-0.177057
-0.184166
-0.190086
-0.194789
-0.198266
-0.200525
-0.201595
-0.201519
-0.200361
-0.198196
-0.195114
-0.191218
-0.186619
-0.181435
-0.175790
-0.169810
-0.163622
-0.157349
-0.151111
-0.145019
-0.139174
-0.133668
-0.128578
-0.123966
-0.119878
-0.116343
-0.113372
-0.110956
-0.109072
-0.107674
-0.106703
-0.106081
-0.105718
-0.105509
-0.105339
-0.105084
-0.104614
-0.103795
-0.102493
-0.100574
-0.097911
-0.094384
-0.089882
-0.084309
-0.077584
-0.069644
-0.060445
-0.049966
-0.038208
-0.025196
-0.010981
0.004363
0.020735
0.038011
0.056044
0.074666
0.093686
0.112899
0.132083
0.151005
0.169422
0.187085
0.203745
0.219154
0.233068
0.245254
0.255493
0.263581
0.269336
0.272599
0.273238
0.271150
0.266266
0.258549
0.247997
0.234647
0.218570
0.199875
0.178709
0.155252
0.129718
0.102356
0.073439
0.043270
0.012174
-0.019507
-0.051413
-0.083178
-0.114426
-0.144783
-0.173878
-0.201348
-0.226845
-0.250038
-0.270620
-0.288310
-0.302860
-0.314054
-0.321715
-0.325706
-0.325934
-0.322348
-0.314943
-0.303761
-0.288888
-0.270456
-0.248638
-0.223651
-0.195749
-0.165225
-0.132401
-0.097630
-0.061288
-0.023772
0.014508
0.053132
0.091673
0.129709
0.166822
0.202603
0.236664
0.268634
0.298170
0.324958
0.348718
0.369206
0.386218
0.399591
0.409208
0.414993
0.416919
0.415001
0.409301
0.399921
0.387007
0.370743
0.351349
0.329079
0.304214
0.277062
0.247950
0.217225
0.185240
0.152360
0.118948
0.085367
0.051971
0.019104
-0.012910
-0.043762
-0.073170
-0.100879
-0.126661
-0.150323
-0.171703
-0.190675
-0.207148
-0.221070
-0.232421
-0.241216
-0.247507
-0.251374
-0.252930
-0.252312
-0.249683
-0.245228
-0.239147
-0.231656
-0.222981
-0.213355
-0.203012
-0.192186
-0.181107
-0.169995
-0.159061
-0.148499
-0.138488
-0.129186
-0.120731
-0.113236
-0.106791
-0.101462
-0.097286
-0.094280
-0.092432
-0.091708
-0.092051
-0.093384
-0.095610
-0.098617
-0.102276
-0.106450
-0.110991
-0.115745
-0.120558
-0.125272
-0.129736
-0.133802
-0.137332
-0.140197
-0.142283
-0.143491
-0.143737
-0.142955
-0.141099
-0.138142
-0.134078
-0.128917
-0.122692
-0.115453
-0.107267
-0.098217
-0.088399
-0.077925
-0.066912
-0.055489
-0.043788
-0.031946
-0.020097
-0.008377
0.003085
0.014167
0.024755
0.034746
0.044051
0.052595
0.060317
0.067176
0.073144
0.078216
0.082399
0.085721
0.088225
0.089971
0.091032
0.091494
0.091455
0.091022
0.090306
0.089427
0.088505
0.087658
0.087004
0.086655
0.086714
0.087276
0.088423
0.090223
0.092730
0.095980
0.099992
0.104766
0.110281
0.116501
0.123367
0.130805
0.138722
0.147008
0.155541
0.164185
0.172793
0.181210
0.189277
0.196830
0.203706
0.209743
0.214787
0.218689
0.221312
0.222534
0.222248
0.220362
0.216808
0.211537
0.204523
0.195763
0.185280
0.173121
0.159354
0.144074
0.127398
0.109463
0.090426
0.070462
0.049762
0.028527
0.006971
-0.014689
-0.036228
-0.057423
-0.078055
-0.097908
-0.116777
-0.134468
-0.150805
-0.165627
-0.178794
-0.190188
-0.199717
-0.207313
-0.212934
-0.216568
-0.218228
-0.217955
-0.215817
-0.211907
-0.206343
-0.199265
-0.190833
-0.181224
-0.170630
-0.159256
-0.147315
-0.135023
-0.122600
-0.110264
-0.098226
-0.086689
-0.075846
-0.065871
-0.056923
-0.049138
-0.042631
-0.037492
-0.033783
-0.031540
-0.030772
-0.031456
-0.033545
-0.036963
-0.041608
-0.047354
-0.054051
-0.061532
-0.069610
-0.078084
-0.086744
-0.095372
-0.103746
-0.111643
-0.118845
-0.125144
-0.130339
-0.134248
-0.136705
-0.137567
-0.136714
-0.134054
-0.129522
-0.123087
-0.114745
-0.104527
-0.092497
-0.078749
-0.063409
-0.046633
-0.028605
-0.009536
0.010344
0.030780
0.051505
0.072237
0.092685
0.112557
0.131558
0.149397
0.165795
0.180483
0.193210
0.203749
0.211896
0.217473
0.220339
0.220383
0.217533
0.211752
0.203046
0.191457
0.177070
0.160007
0.140429
0.118534
0.094554
0.068752
0.041421
0.012877
-0.016542
-0.046481
-0.076573
-0.106445
-0.135719
-0.164022
-0.190985
-0.216256
-0.239497
-0.260391
-0.278648
-0.294008
-0.306244
-0.315165
-0.320619
-0.322495
-0.320726
-0.315288
-0.306200
-0.293526
-0.277373
-0.257889
-0.235264
-0.209723
-0.181529
-0.150972
-0.118373
-0.084075
-0.048441
-0.011848
0.025317
0.062663
0.099798
0.136334
0.171896
0.206119
0.238660
0.269196
0.297431
0.323100
0.345968
0.365838
0.382548
0.395973
0.406030
0.412673
0.415898
0.415737
0.412260
0.405574
0.395819
0.383164
0.367810
0.349979
0.329917
0.307886
0.284163
0.259034
0.232792
0.205729
0.178139
0.150307
0.122510
0.095011
0.068060
0.041884
0.016694
-0.007326
-0.030014
-0.051235
-0.070881
-0.088868
-0.105142
-0.119673
-0.132459
-0.143519
-0.152897
-0.160656
-0.166878
-0.171663
-0.175122
-0.177377
-0.178561
-0.178810
-0.178263
-0.177060
-0.175338
-0.173229
-0.170856
-0.168337
-0.165773
-0.163259
-0.160871
-0.158672
-0.156712
-0.155023
-0.153623
-0.152514
-0.151686
-0.151112
-0.150758
-0.150576
-0.150509
-0.150495
-0.150466
-0.150351
-0.150077
-0.149574
-0.148772
-0.147608
-0.146027
-0.143978
-0.141423
-0.138336
-0.134698
-0.130508
-0.125775
-0.120521
-0.114783
-0.108610
-0.102061
-0.095208
-0.088131
-0.080920
-0.073671
-0.066483
-0.059459
-0.052703
-0.046315
-0.040394
-0.035031
-0.030311
-0.026307
-0.023079
-0.020678
-0.019135
-0.018467
-0.018674
-0.019737
-0.021620
-0.024269
-0.027610
-0.031555
-0.035996
-0.040815
-0.045876
-0.051035
-0.056137
-0.061022
-0.065524
-0.069477
-0.072716
-0.075080
-0.076414
-0.076576
-0.075434
-0.072874
-0.068797
-0.063126
-0.055805
-0.046804
-0.036116
-0.023761
-0.009784
0.005740
0.022713
0.041008
0.060475
0.080939
0.102206
0.124061
0.146271
0.168591
0.190767
0.212533
0.233624
0.253772
0.272714
0.290194
0.305967
0.319805
0.331494
0.340847
0.347696
0.351906
0.353366
0.352002
0.347769
0.340659
0.330697
0.317945
0.302497
0.284484
0.264066
0.241437
0.216817
0.190453
0.162614
0.133589
0.103680
0.073205
0.042486
0.011850
-0.018379
-0.047880
-0.076343
-0.103472
-0.128988
-0.152634
-0.174178
-0.193415
-0.210172
-0.224308
-0.235717
-0.244330
-0.250113
-0.253070
-0.253243
-0.250708
-0.245576
-0.237994
-0.228134
-0.216202
-0.202425
-0.187053
-0.170352
-0.152604
-0.134100
-0.115134
-0.096004
-0.077003
-0.058416
-0.040516
-0.023561
-0.007790
0.006581
0.019365
0.030398
0.039552
0.046727
0.051859
0.054918
0.055907
0.054865
0.051861
0.046998
0.040409
0.032253
0.022714
0.011998
0.000329
-0.012056
-0.024908
-0.037972
-0.050990
-0.063709
-0.075880
-0.087263
-0.097635
-0.106788
-0.114539
-0.120725
-0.125212
-0.127895
-0.128699
-0.127583
-0.124536
-0.119584
-0.112781
-0.104218
-0.094015
-0.082319
-0.069307
-0.055179
-0.040156
-0.024477
-0.008396
0.007826
0.023917
0.039608
0.054627
0.068714
0.081614
0.093092
0.102928
0.110925
0.116909
0.120739
0.122298
0.121507
0.118316
0.112715
0.104725
0.094405
0.081848
0.067180
0.050560
0.032179
0.012252
-0.008978
-0.031248
-0.054275
-0.077765
-0.101411
-0.124902
-0.147923
-0.170163
-0.191318
-0.211095
-0.229215
-0.245419
-0.259469
-0.271155
-0.280293
-0.286730
-0.290347
-0.291059
-0.288816
-0.283605
-0.275446
-0.264399
-0.250556
-0.234041
-0.215014
-0.193658
-0.170189
-0.144841
-0.117873
-0.089556
-0.060179
-0.030036
0.000570
0.031337
0.061964
0.092157
0.121632
0.150116
0.177355
0.203113
0.227176
0.249354
0.269483
0.287427
0.303077
0.316354
0.327206
0.335614
0.341582
0.345144
0.346360
0.345312
0.342105
0.336863
0.329727
0.320853
0.310407
0.298566
0.285510
0.271423
0.256489
0.240889
0.224799
0.208386
0.191808
0.175211
0.158729
0.142478
0.126562
0.111065
0.096059
0.081594
0.067707
0.054418
0.041734
0.029646
0.018133
0.007165
-0.003299
-0.013305
-0.022906
-0.032157
-0.041115
-0.049833
-0.058366
-0.066761
-0.075058
-0.083293
-0.091489
-0.099662
-0.107815
-0.115942
-0.124023
-0.132028
-0.139916
-0.147636
-0.155128
-0.162321
-0.169139
-0.175503
-0.181326
-0.186522
-0.191006
-0.194693
-0.197504
-0.199368
-0.200219
-0.200004
-0.198682
-0.196226
-0.192622
-0.187875
-0.182006
-0.175052
-0.167071
-0.158136
-0.148339
-0.137787
-0.126605
-0.114929
-0.102910
-0.090708
-0.078491
-0.066433
-0.054712
-0.043506
-0.032988
-0.023330
-0.014693
-0.007225
-0.001065
0.003670
0.006878
0.008480
0.008420
0.006667
0.003215
-0.001913
-0.008670
-0.016979
-0.026735
-0.037810
-0.050049
-0.063273
-0.077283
-0.091859
-0.106768
-0.121760
-0.136579
-0.150959
-0.164634
-0.177338
-0.188812
-0.198804
-0.207077
-0.213409
-0.217600
-0.219473
-0.218879
-0.215696
-0.209838
-0.201249
-0.189913
-0.175846
-0.159105
-0.139782
-0.118007
-0.093944
-0.067792
-0.039784
-0.010179
0.020735
0.052648
0.085229
0.118134
0.151005
0.183481
0.215196
0.245789
0.274906
0.302205
0.327362
0.350073
0.370061
0.387078
0.400908
0.411371
0.418327
0.421674
0.421355
0.417352
0.409695
0.398455
0.383744
0.365718
0.344572
0.320535
0.293873
0.264882
0.233884
0.201224
0.167266
0.132386
0.096970
0.061408
0.026087
-0.008609
-0.042311
-0.074663
-0.105331
-0.134003
-0.160398
-0.184264
-0.205386
-0.223584
-0.238718
-0.250688
-0.259435
-0.264942
-0.267234
-0.266372
-0.262462
-0.255641
-0.246085
-0.233999
-0.219616
-0.203195
-0.185014
-0.165370
-0.144569
-0.122926
-0.100759
-0.078385
-0.056115
-0.034248
-0.013071
0.007148
0.026163
0.043751
0.059717
0.073897
0.086155
0.096392
0.104537
0.110558
0.114452
0.116250
0.116015
0.113839
0.109841
0.104164
0.096976
0.088460
0.078818
0.068261
0.057009
0.045287
0.033320
0.021328
0.009528
-0.001878
-0.012698
-0.022759
-0.031906
-0.040006
-0.046950
-0.052654
-0.057060
-0.060136
-0.061878
-0.062309
-0.061477
-0.059455
-0.056339
-0.052248
-0.047318
-0.041703
-0.035570
-0.029095
-0.022464
-0.015865
-0.009489
-0.003520
0.001859
0.006479
0.010179
0.012817
0.014265
0.014420
0.013195
0.010532
0.006394
0.000771
-0.006320
-0.014839
-0.024718
-0.035865
-0.048166
-0.061485
-0.075665
-0.090533
-0.105900
-0.121568
-0.137327
-0.152962
-0.168257
-0.182994
-0.196961
-0.209954
-0.221776
-0.232246
-0.241198
-0.248482
-0.253973
-0.257564
-0.259174
-0.258746
-0.256249
-0.251678
-0.245053
-0.236420
-0.225850
-0.213438
-0.199300
-0.183572
-0.166407
-0.147977
-0.128464
-0.108060
-0.086968
-0.065390
-0.043535
-0.021607
0.000193
0.021671
0.042644
0.062939
0.082399
0.100882
0.118264
0.134440
0.149325
0.162854
0.174985
0.185693
0.194977
0.202853
0.209356
0.214537
0.218466
0.221222
0.222897
0.223594
0.223420
0.222489
0.220914
0.218810
0.216289
0.213456
0.210412
0.207245
0.204036
0.200851
0.197744
0.194754
0.191905
0.189206
0.186650
0.184216
0.181869
0.179561
0.177231
0.174807
0.172212
0.169359
0.166157
0.162514
0.158337
0.153536
0.148025
0.141727
0.134572
0.126503
0.117475
0.107460
0.096444
0.084433
0.071449
0.057536
0.042753
0.027181
0.010918
-0.005920
-0.023200
-0.040776
-0.058489
-0.076168
-0.093635
-0.110708
-0.127198
-0.142920
-0.157690
-0.171331
-0.183677
-0.194570
-0.203870
-0.211455
-0.217220
-0.221086
-0.222996
-0.222918
-0.220848
-0.216811
-0.210856
-0.203063
-0.193539
-0.182416
-0.169851
-0.156027
-0.141144
-0.125422
-0.109098
-0.092420
-0.075644
-0.059032
-0.042848
-0.027353
-0.012801
0.000563
0.012510
0.022827
0.031322
0.037831
0.042212
0.044359
0.044192
0.041670
0.036784
0.029562
0.020067
0.008400
-0.005307
-0.020884
-0.038133
-0.056824
-0.076703
-0.097489
-0.118885
-0.140576
-0.162236
-0.183533
-0.204131
-0.223696
-0.241901
-0.258433
-0.272992
-0.285300
-0.295103
-0.302177
-0.306329
-0.307401
-0.305273
-0.299865
-0.291139
-0.279100
-0.263794
-0.245313
-0.223788
-0.199392
-0.172340
-0.142879
-0.111293
-0.077896
-0.043026
-0.007045
0.029665
0.066713
0.103698
0.140216
0.175867
0.210256
0.243002
0.273742
0.302134
0.327863
0.350645
0.370229
0.386403
0.398994
0.407871
0.412948
0.414182
0.411578
0.405183
0.395090
0.381434
0.364391
0.344177
0.321041
0.295266
0.267162
0.237065
0.205327
0.172320
0.138422
0.104019
0.069496
0.035234
0.001605
-0.031033
-0.062340
-0.091999
-0.119717
-0.145231
-0.168311
-0.188759
-0.206416
-0.221157
-0.232899
-0.241594
-0.247234
-0.249850
-0.249506
-0.246303
-0.240372
-0.231877
-0.221004
-0.207967
-0.192998
-0.176343
-0.158264
-0.139030
-0.118914
-0.098189
-0.077127
-0.055991
-0.035034
-0.014497
0.005399
0.024447
0.042467
0.059296
0.074801
0.088871
0.101422
0.112396
0.121760
0.129508
0.135656
0.140243
0.143331
0.144996
0.145335
0.144456
0.142480
0.139535
0.135754
0.131276
0.126236
0.120769
0.115003
0.109060
0.103050
0.097074
0.091216
0.085550
0.080129
0.074994
0.070167
0.065655
0.061447
0.057517
0.053825
0.050319
0.046933
0.043593
0.040216
0.036714
0.032996
0.028969
0.024543
0.019631
0.014151
0.008031
0.001208
-0.006368
-0.014735
-0.023914
-0.033909
-0.044710
-0.056287
-0.068594
-0.081565
-0.095120
-0.109160
-0.123574
-0.138234
-0.153004
-0.167735
-0.182270
-0.196451
-0.210111
-0.223087
-0.235216
-0.246342
-0.256314
-0.264994
-0.272253
-0.277979
-0.282076
-0.284465
-0.285090
-0.283914
-0.280920
-0.276118
-0.269536
-0.261227
-0.251266
-0.239747
-0.226785
-0.212514
-0.197082
-0.180653
-0.163402
-0.145512
-0.127175
-0.108585
-0.089937
-0.071424
-0.053233
-0.035545
-0.018528
-0.002338
0.012884
0.027015
0.039952
0.051612
0.061935
0.070884
0.078442
0.084620
0.089449
0.092984
0.095298
0.096487
0.096663
0.095956
0.094505
0.092465
0.089995
0.087262
0.084434
0.081677
0.079155
0.077024
0.075429
0.074504
0.074367
0.075119
0.076841
0.079593
0.083411
0.088310
0.094279
0.101283
0.109262
0.118136
0.127797
0.138121
0.148963
0.160161
0.171539
0.182908
0.194072
0.204828
0.214973
0.224303
0.232619
0.239732
0.245462
0.249645
0.252133
0.252802
0.251547
0.248290
0.242978
0.235589
0.226128
0.214631
0.201163
0.185817
0.168717
0.150013
0.129880
0.108516
0.086141
0.062992
0.039319
0.015384
-0.008542
-0.032188
-0.055280
-0.077552
-0.098745
-0.118611
-0.136920
-0.153462
-0.168050
-0.180520
-0.190741
-0.198611
-0.204058
-0.207049
-0.207582
-0.205690
-0.201444
-0.194944
-0.186328
-0.175762
-0.163440
-0.149586
-0.134442
-0.118274
-0.101362
-0.083996
-0.066476
-0.049106
-0.032185
-0.016009
-0.000863
0.012982
0.025274
0.035784
0.044308
0.050674
0.054737
0.056391
0.055565
0.052225
0.046376
0.038062
0.027363
0.014401
-0.000670
-0.017660
-0.036349
-0.056485
-0.077794
-0.099978
-0.122724
-0.145704
-0.168581
-0.191016
-0.212669
-0.233208
-0.252309
-0.269665
-0.284987
-0.298010
-0.308498
-0.316244
-0.321077
-0.322860
-0.321497
-0.316931
-0.309147
-0.298171
-0.284071
-0.266956
-0.246973
-0.224308
-0.199182
-0.171848
-0.142589
-0.111712
-0.079548
-0.046442
-0.012755
0.021147
0.054894
0.088115
0.120450
0.151545
0.181065
0.208694
0.234139
0.257134
0.277444
0.294867
0.309238
0.320428
0.328345
0.332941
0.334203
0.332160
0.326879
0.318464
0.307055
0.292824
0.275975
0.256738
0.235367
0.212138
0.187342
0.161283
0.134273
0.106631
0.078672
0.050710
0.023051
-0.004012
-0.030198
-0.055246
-0.078917
-0.100993
-0.121281
-0.139619
-0.155869
-0.169925
-0.181709
-0.191174
-0.198300
-0.203098
-0.205604
-0.205879
-0.204009
-0.200100
-0.194278
-0.186683
-0.177473
-0.166811
-0.154871
-0.141832
-0.127873
-0.113174
-0.097912
-0.082255
-0.066368
-0.050402
-0.034498
-0.018784
-0.003374
0.011634
0.026157
0.040125
0.053488
0.066205
0.078254
0.089624
0.100314
0.110337
0.119712
0.128465
0.136628
0.144235
0.151324
0.157929
0.164084
0.169818
0.175155
0.180112
0.184697
0.188911
0.192745
0.196178
0.199182
0.201718
0.203736
0.205180
0.205985
0.206078
0.205384
0.203823
0.201313
0.197773
0.193126
0.187295
0.180215
0.171826
0.162080
0.150942
0.138389
0.124418
0.109038
0.092282
0.074196
0.054851
0.034335
0.012756
-0.009759
-0.033064
-0.056996
-0.081378
-0.106018
-0.130710
-0.155243
-0.179395
-0.202943
-0.225662
-0.247328
-0.267723
-0.286636
-0.303869
-0.319235
-0.332568
-0.343718
-0.352558
-0.358987
-0.362928
-0.364332
-0.363179
-0.359478
-0.353269
-0.344621
-0.333631
-0.320425
-0.305157
-0.288005
-0.269170
-0.248873
-0.227354
-0.204867
-0.181676
-0.158054
-0.134277
-0.110621
-0.087359
-0.064756
-0.043065
-0.022527
-0.003361
0.014233
0.030080
0.044030
0.055965
0.065795
0.073463
0.078945
0.082249
0.083416
0.082520
0.079666
0.074987
0.068647
0.060832
0.051751
0.041633
0.030722
0.019273
0.007552
-0.004175
-0.015640
-0.026578
-0.036734
-0.045866
-0.053746
-0.060168
-0.064945
-0.067922
-0.068966
-0.067979
-0.064894
-0.059676
-0.052327
-0.042881
-0.031408
-0.018010
-0.002821
0.013995
0.032245
0.051711
0.072156
0.093320
0.114931
0.136706
0.158354
0.179582
0.200099
0.219621
0.237873
0.254596
0.269547
0.282507
0.293281
0.301704
0.307639
0.310984
0.311671
0.309667
0.304975
0.297634
0.287720
0.275341
0.260641
0.243792
0.224997
0.204483
0.182502
0.159321
0.135224
0.110506
0.085468
0.060413
0.035643
0.011451
-0.011879
-0.034077
-0.054894
-0.074101
-0.091497
-0.106906
-0.120186
-0.131225
-0.139946
-0.146309
-0.150307
-0.151968
-0.151356
-0.148570
-0.143737
-0.137017
-0.128596
-0.118683
-0.107510
-0.095325
-0.082390
-0.068975
-0.055355
-0.041808
-0.028606
-0.016014
-0.004286
0.006341
0.015647
0.023438
0.029543
0.033821
0.036159
0.036480
0.034735
0.030915
0.025040
0.017167
0.007384
-0.004187
-0.017397
-0.032067
-0.047994
-0.064953
-0.082702
-0.100982
-0.119524
-0.138052
-0.156287
-0.173951
-0.190772
-0.206487
-0.220846
-0.233617
-0.244588
-0.253570
-0.260401
-0.264946
-0.267103
-0.266800
-0.263999
-0.258697
-0.250921
-0.240734
-0.228231
-0.213537
-0.196808
-0.178223
-0.157990
-0.136335
-0.113503
-0.089753
-0.065357
-0.040593
-0.015741
0.008916
0.033103
0.056549
0.078998
0.100206
0.119949
0.138021
0.154243
0.168458
0.180536
0.190377
0.197909
0.203090
0.205907
0.206376
0.204543
0.200480
0.194285
0.186079
0.176004
0.164224
0.150916
0.136273
0.120497
0.103798
0.086391
0.068492
0.050314
0.032068
0.013956
-0.003830
-0.021108
-0.037712
-0.053491
-0.068311
-0.082058
-0.094635
-0.105966
-0.115992
-0.124677
-0.132002
-0.137966
-0.142583
-0.145887
-0.147920
-0.148741
-0.148417
-0.147022
-0.144639
-0.141351
-0.137247
-0.132412
-0.126932
-0.120887
-0.114353
-0.107398
-0.100084
-0.092461
-0.084571
-0.076446
-0.068108
-0.059568
-0.050830
-0.041885
-0.032720
-0.023314
-0.013639
-0.003665
0.006639
0.017308
0.028371
0.039858
0.051789
0.064181
0.077040
0.090362
0.104131
0.118319
0.132882
0.147762
0.162888
0.178171
0.193508
0.208780
0.223858
0.238596
0.252841
0.266426
0.279182
0.290930
0.301492
0.310688
0.318342
0.324283
0.328349
0.330389
0.330267
0.327864
0.323080
0.315838
0.306084
0.293790
0.278958
0.261617
0.241824
0.219669
0.195271
0.168776
0.140363
0.110234
0.078619
0.045771
0.011962
-0.022515
-0.057357
-0.092245
-0.126856
-0.160862
-0.193938
-0.225760
-0.256017
-0.284409
-0.310652
-0.334484
-0.355670
-0.373998
-0.389290
-0.401401
-0.410222
-0.415679
-0.417740
-0.416409
-0.411732
-0.403795
-0.392719
-0.378665
-0.361829
-0.342439
-0.320753
-0.297056
-0.271656
-0.244879
-0.217069
-0.188577
-0.159762
-0.130982
-0.102592
-0.074939
-0.048358
-0.023162
0.000353
0.021919
0.041297
0.058281
0.072700
0.084418
0.093343
0.099418
0.102632
0.103010
0.100621
0.095572
0.088008
0.078108
0.066085
0.052181
0.036665
0.019827
0.001976
-0.016567
-0.035471
-0.054403
-0.073027
