-0.311655
-0.058037
-0.195660
-0.351644
-0.406824
-0.321027
-0.282270
-0.380748
-0.225619
-0.274850
-0.163435
-0.180569
-0.316076
-0.345570
-0.151270
-0.143480
-0.276170
-0.289986
-0.161794
-0.290032
-0.283626
-0.157737
-0.220848
-0.081772
-0.086395
0.049762
-0.097066
-0.070387
-0.221782
-0.121816
-0.137775
-0.045944
-0.074381
0.032632
0.193848
0.161520
0.055288
-0.080147
-0.102493
-0.203620
-0.298264
-0.167843
-0.049881
0.182052
-0.034219
-0.084194
-0.195475
-0.277196
-0.305260
-0.377452
-0.120950
-0.242611
-0.316399
-0.369762
-0.379276
-0.319475
-0.313971
-0.280152
-0.070999
0.038787
-0.209690
-0.339255
-0.317033
-0.380733
-0.172131
-0.276405
-0.248225
-0.026716
-0.002184
-0.154781
-0.307323
-0.202095
-0.327683
-0.157350
-0.270119
-0.303363
-0.224814
-0.171158
-0.206834
-0.335109
-0.285748
-0.379026
-0.423662
-0.190270
-0.221298
-0.259414
-0.115984
-0.275333
-0.376911
-0.265650
-0.347284
-0.420608
-0.296443
-0.073612
-0.267562
-0.334033
-0.389615
-0.427740
-0.453070
-0.268295
-0.380059
-0.352174
-0.407194
-0.427111
-0.414276
-0.409201
-0.373364
-0.437380
-0.130826
-0.188238
-0.264884
-0.389102
-0.391480
-0.074556
-0.260851
-0.301886
-0.387547
-0.095720
-0.111076
-0.081564
-0.247397
-0.348011
-0.332480
-0.372541
-0.232965
-0.358037
-0.067974
0.009627
-0.020569
-0.056066
-0.174276
-0.310491
-0.289539
-0.157959
-0.275674
-0.101297
-0.228657
-0.211414
-0.154542
-0.272891
-0.373049
-0.358163
-0.379298
-0.372433
-0.183250
-0.285502
-0.387791
-0.161946
-0.332287
-0.413122
-0.427360
-0.418940
-0.450683
-0.234295
-0.286639
-0.401602
-0.161355
-0.318211
-0.272618
-0.332894
-0.336570
-0.400374
-0.173346
-0.303300
-0.383088
-0.310256
-0.021507
-0.186356
-0.139038
-0.270699
-0.243795
-0.107441
-0.188095
-0.156726
-0.147974
-0.091045
-0.231585
-0.185581
-0.228063
-0.188099
-0.271022
-0.213783
-0.106080
-0.058507
-0.099737
-0.195043
-0.312398
-0.290039
-0.181352
-0.318992
-0.220771
-0.150305
-0.274588
-0.265265
-0.211864
-0.346420
-0.381280
-0.288076
-0.382126
-0.328045
-0.366124
-0.393796
-0.420956
-0.284400
-0.394331
-0.392432
-0.266271
-0.355708
-0.410878
-0.372414
-0.404690
-0.438472
-0.257997
-0.325910
-0.374757
-0.417855
-0.425410
-0.430684
-0.297039
-0.377419
-0.445478
-0.380819
-0.369356
-0.438196
-0.474781
-0.375060
-0.231878
-0.220545
-0.213149
-0.364614
-0.328946
-0.355105
-0.378334
-0.436856
-0.216734
-0.111283
-0.100388
-0.128805
-0.114093
-0.161943
-0.217120
-0.102296
-0.212917
-0.193290
-0.103524
-0.230554
-0.203845
-0.148541
-0.214245
-0.300266
-0.130911
-0.173189
-0.302932
-0.112703
-0.219663
-0.151339
-0.126564
-0.114051
-0.281728
-0.250403
-0.283661
-0.339587
-0.108941
-0.162547
0.000554
-0.171944
-0.243371
-0.336521
-0.299810
-0.258041
-0.065701
-0.191689
-0.276813
-0.353100
-0.408987
-0.423553
-0.182571
-0.245216
-0.314979
-0.283437
-0.385790
-0.324025
-0.410232
-0.436808
-0.450903
-0.169190
-0.298476
-0.374716
-0.391024
-0.448161
-0.365948
-0.379215
-0.425921
-0.416900
-0.187905
-0.228258
-0.290482
-0.364659
-0.362469
-0.276878
-0.120220
-0.305916
-0.392828
-0.197839
-0.214850
-0.234435
-0.326008
-0.130598
-0.301295
0.059897
-0.086720
-0.278359
-0.184328
-0.211924
-0.179792
-0.248198
-0.114741
-0.281512
-0.040093
-0.034567
-0.223012
-0.087100
0.023119
-0.021508
-0.114805
-0.153626
-0.279940
-0.036981
-0.192849
-0.140755
0.137156
-0.032978
0.119929
0.017529
-0.073401
-0.170282
-0.166113
-0.275615
-0.029078
0.007572
-0.091357
-0.149968
-0.065362
0.017690
0.116402
-0.100412
-0.209222
0.012331
-0.031916
0.106138
-0.030033
-0.158357
0.052872
-0.015733
-0.164486
-0.093704
-0.153618
-0.081055
-0.199604
0.051160
-0.120148
-0.221009
-0.237744
-0.329446
-0.165931
-0.262099
-0.293764
-0.353646
-0.196084
-0.153935
-0.292732
-0.292744
-0.385352
-0.299549
-0.321785
-0.395708
-0.235659
-0.149923
-0.264495
-0.352083
-0.385186
-0.405709
-0.283315
-0.276850
-0.355796
-0.169113
-0.270894
-0.294093
-0.358081
-0.424261
-0.417948
-0.349818
-0.201567
-0.352724
-0.219407
-0.327549
-0.087918
-0.205314
-0.344605
-0.383852
-0.307178
-0.278433
-0.379534
-0.366448
-0.424458
-0.197993
-0.308245
-0.397665
-0.364338
-0.336330
-0.232953
-0.136962
-0.292960
-0.388099
-0.417502
-0.368373
-0.425674
-0.429308
-0.409375
-0.300411
-0.202579
-0.291371
-0.016036
-0.273072
-0.236944
-0.281181
-0.365910
-0.345864
-0.381170
-0.262555
-0.295609
-0.189533
-0.315106
-0.194595
-0.185573
-0.301561
-0.309346
-0.307488
-0.328301
-0.273031
-0.237819
-0.009953
-0.003991
0.026680
-0.142852
-0.207637
-0.180987
-0.281503
-0.281705
-0.282020
-0.128185
-0.206610
-0.098932
-0.109506
-0.222017
-0.227462
-0.288929
-0.329549
-0.278159
-0.233930
-0.283058
-0.121438
-0.202266
-0.286213
-0.150122
-0.178224
-0.220830
-0.247237
-0.215967
-0.153194
-0.090307
-0.193313
-0.298369
-0.348116
-0.313506
-0.140751
-0.216206
-0.050702
-0.200458
-0.249182
-0.263165
-0.307050
-0.367172
-0.337824
-0.082082
-0.257655
-0.343561
-0.385386
-0.377188
-0.374370
-0.186917
-0.216019
-0.260949
-0.136142
-0.305545
-0.396374
-0.379372
-0.421522
-0.301743
-0.229762
-0.361216
-0.374941
-0.150998
-0.322910
-0.376583
-0.289032
-0.367420
-0.106643
-0.255047
-0.376594
-0.411524
-0.356885
-0.418311
-0.392475
-0.249944
-0.145996
-0.183991
-0.269071
-0.361030
-0.370412
-0.336989
-0.270879
-0.323305
-0.187254
-0.166284
-0.323670
-0.372264
-0.290790
-0.286623
-0.056360
-0.150248
-0.305288
-0.068241
-0.202154
-0.323177
-0.362376
-0.388507
-0.431494
-0.377610
-0.329503
-0.404182
-0.090770
-0.206209
-0.007696
-0.208081
-0.344152
-0.409081
-0.407614
-0.188933
-0.336179
-0.059318
-0.222996
-0.263074
-0.332065
-0.411679
-0.141471
-0.181706
-0.232757
-0.355944
-0.025610
-0.231280
-0.340055
-0.201602
-0.341685
-0.313776
-0.043841
-0.210639
-0.298316
-0.198731
-0.298101
-0.385337
-0.202378
-0.332105
-0.282978
-0.084330
-0.280066
-0.180271
-0.264168
-0.341956
-0.402914
-0.357541
-0.411108
-0.111797
-0.298071
-0.389613
-0.254311
-0.238854
-0.307615
-0.310412
-0.286954
-0.360537
-0.102414
-0.298261
-0.207563
-0.139304
-0.305714
-0.231962
-0.213505
-0.196033
-0.334479
-0.397996
-0.361448
-0.317240
-0.146953
-0.310864
-0.191889
-0.136901
-0.156619
-0.320055
-0.395977
-0.251126
-0.174192
-0.216205
-0.031793
-0.103773
-0.235111
-0.350962
-0.301719
-0.089178
-0.166182
-0.305863
-0.367453
-0.196625
-0.320857
-0.365979
-0.427798
-0.056155
-0.125249
-0.053881
-0.267463
-0.368568
-0.389129
-0.419921
-0.422714
-0.424825
-0.073304
-0.098575
0.058687
-0.151639
-0.279903
-0.347664
-0.184824
-0.297768
-0.358340
-0.289156
-0.179796
-0.016174
-0.187758
-0.135197
-0.092507
-0.054564
-0.203196
-0.317301
-0.294751
-0.221888
0.016689
-0.142956
-0.101877
-0.264720
-0.152886
-0.243166
-0.207017
-0.090372
0.044374
-0.030535
0.111887
0.019725
-0.187741
-0.111817
-0.204962
0.015673
0.181911
0.148224
0.014086
0.124640
0.086822
-0.034771
-0.165248
-0.225518
-0.031316
-0.189903
-0.262001
-0.180801
-0.072148
-0.119289
-0.031457
-0.221044
-0.138905
-0.121105
-0.278441
-0.329117
-0.148162
-0.148716
-0.198769
-0.279564
-0.322975
-0.343684
-0.342063
-0.298136
-0.362662
-0.388860
-0.372466
-0.282321
-0.354239
-0.238166
-0.336819
-0.374170
-0.160535
-0.329077
-0.378540
-0.286320
-0.274532
-0.364522
-0.201988
-0.333204
-0.293736
-0.385684
-0.357548
-0.346960
-0.266239
-0.228258
-0.362753
-0.378094
-0.403615
-0.266013
-0.385649
-0.132729
-0.291126
-0.230207
-0.140143
-0.321367
-0.383758
-0.354523
-0.220744
-0.243610
-0.349739
-0.263889
-0.363842
-0.212414
-0.351042
-0.339455
-0.328995
-0.140788
-0.321821
-0.397379
-0.445496
-0.463369
-0.334111
-0.134445
-0.177439
-0.103751
-0.234904
-0.365703
-0.251125
-0.376555
-0.396423
-0.443845
-0.453429
-0.211145
-0.103036
-0.230865
-0.216342
-0.120719
-0.299312
-0.347221
-0.420384
-0.438679
-0.198018
0.040299
0.009845
-0.091996
0.006322
0.034752
0.010374
-0.052439
0.142703
0.024272
0.090483
0.145085
-0.003557
0.006852
0.098538
0.043746
-0.116968
-0.070722
-0.118021
-0.171062
0.130635
-0.075711
-0.174740
0.011178
-0.044198
-0.202671
-0.217000
-0.238474
-0.239191
0.065689
-0.147729
-0.254154
-0.134598
0.025702
-0.189785
-0.131645
-0.155789
-0.042102
0.166101
-0.105328
-0.204604
-0.255457
0.034970
-0.171682
-0.113764
-0.250278
-0.176216
0.057829
-0.171865
-0.185716
-0.282572
0.046661
0.050075
0.018176
-0.193787
-0.156109
-0.110461
-0.209429
-0.181108
-0.265667
-0.152339
0.135820
0.224949
-0.072654
-0.149265
-0.073468
-0.147039
-0.211464
-0.305142
-0.174707
0.076297
0.279844
0.096418
-0.000554
0.251421
0.181259
0.068364
-0.094104
0.021692
0.100982
0.144175
0.008576
0.034823
0.295643
0.108932
0.076300
0.039915
0.056934
-0.076659
-0.010242
-0.158062
-0.084261
-0.119722
-0.217806
-0.175066
-0.281692
-0.115629
-0.255219
-0.163619
-0.297905
-0.074591
-0.228809
-0.274033
-0.092231
-0.274037
-0.074263
-0.191603
-0.222717
0.028200
-0.026978
-0.207549
-0.213552
-0.089126
-0.222325
-0.206109
-0.106637
-0.081443
0.007697
-0.058751
-0.213354
-0.227372
-0.052644
0.039441
-0.136614
-0.220555
-0.038866
-0.143567
-0.151927
-0.182086
0.034001
0.078065
0.239998
0.081828
-0.066293
-0.184020
-0.155163
-0.261541
-0.270203
-0.193404
-0.162560
-0.248139
-0.125002
-0.059785
-0.222951
-0.182555
-0.306844
-0.307033
-0.224275
-0.233153
-0.303150
-0.359198
-0.227548
-0.330750
-0.356096
-0.319090
-0.176115
-0.031206
-0.204844
0.076408
-0.149718
-0.132549
-0.278532
-0.297225
-0.306757
-0.033960
0.009062
-0.159103
-0.257723
-0.039422
-0.193687
-0.152792
-0.242183
-0.197187
-0.260137
-0.131255
-0.114808
-0.272848
-0.056662
-0.248619
0.036773
-0.196270
-0.089698
-0.251846
-0.152034
0.108566
-0.096789
-0.091417
-0.241710
0.036662
-0.158719
-0.291881
-0.263946
-0.164697
-0.131446
-0.176929
-0.130608
0.034861
-0.084745
-0.031888
-0.231873
-0.127233
-0.029757
-0.201163
-0.167204
-0.015447
0.037027
-0.168580
-0.284626
-0.339322
-0.206670
0.059405
-0.154283
-0.218325
-0.152565
0.000643
-0.192119
-0.314135
-0.188784
-0.083121
0.177136
-0.087895
-0.171374
-0.278871
-0.244168
-0.317755
-0.227335
-0.131368
-0.278589
-0.070597
-0.244629
-0.218943
-0.332254
-0.307962
-0.364934
-0.066847
-0.169209
-0.309589
-0.376991
-0.417162
-0.288092
-0.349756
-0.070894
-0.241425
-0.327040
-0.332803
-0.175013
-0.325259
-0.381175
-0.358478
-0.385521
-0.144144
-0.301310
-0.374789
-0.194425
-0.051934
-0.210521
-0.054701
-0.237416
-0.277688
-0.115465
-0.274377
-0.263130
-0.302456
-0.018260
-0.117514
0.040850
-0.148217
-0.205904
-0.002332
-0.216225
-0.302897
-0.364682
-0.160085
-0.200688
-0.026139
-0.190904
-0.285932
-0.365634
-0.417663
-0.441258
-0.454501
-0.458167
-0.421388
-0.441585
-0.325630
-0.382750
-0.442801
-0.368147
-0.444623
-0.477975
-0.477406
-0.359393
-0.425094
-0.396664
-0.242143
-0.105248
-0.147905
-0.321758
-0.409653
-0.426119
-0.429118
-0.448820
-0.435448
-0.285179
-0.063959
0.014490
-0.036521
-0.242948
-0.353188
-0.375237
-0.422840
-0.346672
-0.415270
-0.179704
0.041817
0.028268
-0.211018
-0.256964
-0.131951
-0.107906
-0.135104
-0.292335
-0.163824
-0.283118
-0.206725
-0.312800
-0.279030
-0.257360
0.060170
0.100335
0.135727
0.122773
-0.122233
-0.268544
-0.222499
-0.232903
-0.262456
-0.344038
-0.133105
-0.242286
-0.296978
-0.049748
-0.261461
-0.354307
-0.292505
-0.258814
-0.372469
-0.324110
-0.366590
-0.419193
-0.352287
-0.364729
-0.432076
-0.173965
-0.146390
-0.308420
-0.319864
-0.372098
-0.364867
-0.434178
-0.431471
-0.413531
-0.181600
-0.286737
-0.183034
-0.139059
-0.316358
-0.262774
-0.380122
-0.423424
-0.213678
-0.101975
-0.282447
-0.149720
0.067556
-0.154448
-0.242242
0.083526
-0.099303
-0.218984
-0.211626
-0.277233
-0.335334
0.035563
-0.153212
-0.111981
-0.145595
-0.106660
-0.271164
-0.363744
-0.367125
-0.418685
-0.037587
-0.220963
-0.065368
-0.248326
-0.288006
-0.360514
-0.424166
-0.422272
-0.447314
-0.238979
-0.277251
-0.114196
-0.252960
-0.354949
-0.244669
-0.363608
-0.380254
-0.353497
-0.216897
-0.239735
-0.311449
-0.160327
-0.278188
-0.279520
-0.197125
-0.257991
-0.357358
-0.224915
-0.307364
-0.387328
-0.277694
-0.377061
-0.403570
-0.365892
-0.008416
-0.242298
-0.343186
-0.386567
-0.374802
-0.249075
-0.376902
-0.366519
-0.304254
-0.010303
-0.167130
-0.309764
-0.402401
-0.143486
-0.171630
-0.319734
-0.189421
-0.210472
-0.224796
-0.216547
-0.192530
-0.335064
-0.215125
-0.148524
-0.142523
-0.138257
-0.170821
-0.245935
-0.324261
-0.203192
-0.142188
-0.163522
-0.027299
0.076680
-0.028620
0.108686
-0.051521
-0.197355
-0.262346
-0.170632
-0.072207
-0.234151
0.070451
-0.104027
0.187173
0.065084
-0.025007
-0.173830
-0.134212
0.180704
-0.075870
0.026931
-0.098394
-0.213105
0.035695
-0.067651
-0.108410
-0.240989
-0.235861
-0.215219
-0.070357
-0.132900
-0.266935
-0.029614
-0.100178
-0.008499
-0.214841
-0.274909
-0.308918
-0.342825
-0.302667
-0.348389
-0.379175
-0.238341
-0.191737
-0.184116
-0.257293
-0.374585
-0.426092
-0.263906
-0.378290
-0.410955
-0.401885
-0.287889
-0.099479
-0.208124
-0.359877
-0.418954
-0.235557
-0.329273
-0.314644
-0.301352
-0.308138
-0.317345
-0.370097
-0.425396
-0.451733
-0.426295
-0.286746
-0.284863
-0.119386
-0.285442
-0.339527
-0.396657
-0.236331
-0.343405
-0.375949
-0.335129
-0.088674
-0.185307
-0.297931
-0.393596
-0.320029
-0.284359
-0.297100
-0.245026
-0.348193
-0.242858
-0.274552
-0.356628
-0.423817
-0.251658
-0.297110
-0.235564
-0.186167
-0.331664
-0.360990
-0.306213
-0.328205
-0.296928
-0.137719
-0.278205
-0.083462
-0.117892
-0.297612
-0.313832
-0.292560
-0.352791
-0.243348
-0.138546
-0.207973
-0.071633
-0.112915
-0.287057
-0.102830
-0.287235
-0.356392
-0.307591
-0.153920
-0.237191
-0.286482
-0.123546
-0.179321
0.006350
-0.229668
-0.224610
-0.338234
-0.358242
-0.410556
-0.417509
-0.373142
-0.145592
-0.031516
-0.150010
-0.168437
-0.308048
-0.370182
-0.398952
-0.388307
-0.354733
-0.322919
-0.066728
-0.194393
-0.180907
-0.046341
-0.170192
0.023318
-0.173356
-0.143530
-0.190841
-0.054234
-0.233251
-0.183934
0.040135
0.036373
-0.026357
-0.136113
-0.097100
-0.131802
-0.098747
-0.237509
-0.109923
-0.114579
-0.036971
-0.178295
-0.192060
-0.076834
-0.172876
-0.078828
-0.037394
-0.227201
-0.235420
-0.242226
-0.325865
-0.290533
-0.158694
-0.309297
-0.262651
-0.240979
-0.358872
-0.141902
-0.316990
-0.333490
-0.076792
-0.032025
-0.254790
-0.324002
-0.289462
-0.310723
-0.015314
-0.242599
-0.045684
-0.189353
-0.284479
-0.338969
-0.347289
-0.380550
-0.319771
-0.399964
-0.384954
-0.049746
-0.232494
-0.326161
-0.412744
-0.369696
-0.379556
-0.333842
-0.419343
-0.154524
-0.331132
-0.229816
-0.118688
-0.299282
-0.304738
-0.173640
-0.288861
-0.346745
-0.328167
-0.407362
-0.329722
-0.258394
-0.218047
-0.297948
-0.109387
-0.305606
-0.332538
-0.338983
-0.372082
-0.365701
-0.422766
-0.445690
-0.413216
-0.085344
-0.305061
-0.170579
-0.169016
-0.126199
-0.170773
-0.316338
-0.370867
-0.423113
-0.272882
-0.365952
-0.386764
-0.396712
-0.374986
-0.366293
-0.031960
-0.113976
-0.316021
-0.236410
-0.338771
-0.408004
-0.416987
-0.447683
-0.438847
-0.064723
-0.268243
-0.361691
-0.272390
-0.088912
-0.262541
-0.151872
-0.320250
-0.251728
-0.356473
-0.403140
-0.287064
-0.280993
-0.244864
-0.172311
-0.237464
-0.328705
-0.045528
-0.270857
-0.312312
-0.326648
-0.401515
-0.402890
-0.421469
-0.408400
-0.401108
-0.176174
-0.317918
-0.230082
-0.261471
-0.383272
-0.351373
-0.423503
-0.321082
-0.352023
-0.313528
-0.328795
-0.221861
-0.364317
-0.237262
-0.162789
-0.270679
-0.234119
-0.294646
-0.230488
-0.328646
-0.291271
-0.389076
-0.382579
-0.276311
-0.294938
-0.291505
-0.313663
-0.236886
-0.218050
-0.178354
-0.271742
-0.300245
-0.132763
-0.306147
-0.364018
-0.313547
-0.265080
-0.306796
-0.264857
-0.289983
-0.273695
-0.374699
-0.433529
-0.414776
-0.433309
-0.346452
-0.343268
-0.283620
-0.242996
-0.335238
-0.424609
-0.458691
-0.192279
-0.355096
-0.332328
-0.420831
-0.133634
0.059592
-0.101625
-0.281863
-0.361483
-0.017254
-0.212188
-0.130214
-0.296584
0.005255
-0.193316
0.059141
0.012953
-0.110681
-0.230813
-0.257581
-0.082352
-0.187194
-0.155079
-0.285795
-0.044710
-0.087886
0.004788
-0.202257
-0.268323
-0.288831
-0.303698
-0.220962
-0.336352
-0.294532
-0.264314
-0.209752
-0.254455
-0.261526
-0.296673
-0.355302
-0.290450
-0.386592
-0.323411
-0.276218
-0.262352
-0.088239
-0.288827
-0.032618
-0.253514
-0.240397
-0.311018
-0.021307
-0.158236
-0.212928
-0.197405
-0.320669
0.051147
-0.183166
-0.026064
-0.157783
-0.021136
-0.140779
-0.110187
-0.268709
-0.299016
-0.211660
-0.157757
-0.294404
-0.247383
-0.322608
-0.106256
0.138394
-0.157139
-0.290019
-0.377349
-0.299355
-0.385363
-0.425129
-0.398815
-0.288273
-0.273075
-0.357758
-0.423281
-0.464043
-0.353094
-0.428146
-0.465211
-0.066830
-0.266467
-0.294780
-0.123685
-0.288316
-0.302061
0.041041
-0.163444
-0.100726
-0.072875
-0.192774
-0.040276
0.204501
0.185143
-0.049912
0.057682
0.061913
0.109957
0.056583
0.007892
-0.134876
-0.103075
-0.055678
-0.167354
-0.245603
0.078189
0.030666
-0.028831
-0.024109
-0.200933
-0.262287
-0.254982
-0.290899
-0.341734
0.019980
-0.122180
-0.103169
0.066482
-0.171264
-0.216031
-0.108071
-0.216107
-0.313193
-0.235088
-0.294376
-0.201309
-0.272661
-0.324827
-0.265319
-0.089544
-0.142477
-0.282562
-0.273369
-0.204680
-0.213764
-0.299277
-0.310408
-0.230937
-0.293472
-0.160720
-0.133489
-0.126042
-0.010207
-0.091760
-0.052009
-0.240803
-0.274967
-0.340241
-0.205894
-0.129256
-0.206437
-0.073342
-0.165302
-0.100709
-0.269396
-0.315832
-0.378845
-0.290547
0.030475
-0.139185
-0.005707
-0.181795
-0.281955
-0.360196
-0.346822
-0.377341
-0.200108
-0.229415
-0.325676
-0.235950
-0.328764
-0.370361
-0.371709
-0.310513
-0.170299
-0.014764
-0.164245
-0.309117
-0.193432
-0.215150
-0.139172
-0.205183
-0.146402
-0.081372
-0.237741
-0.192973
-0.205304
0.008992
0.075469
0.059025
-0.125614
-0.072640
-0.004973
-0.192963
-0.254290
-0.080966
0.040371
0.079048
0.223755
0.132071
0.357294
0.466123
0.138386
-0.035642
0.176593
0.006178
0.091231
-0.045732
0.103650
0.391639
0.322014
0.098326
-0.003025
0.010159
-0.122913
-0.059033
-0.165011
-0.071833
0.244309
0.120069
0.180520
0.098613
0.026361
0.004735
-0.102489
-0.160913
0.002040
0.065471
0.040272
0.098569
-0.032215
-0.067410
0.121111
-0.026877
-0.155060
-0.029975
-0.137802
-0.160866
-0.039243
-0.061768
-0.088798
-0.158231
-0.095354
-0.024885
-0.034618
-0.116495
-0.194775
-0.050287
0.142312
0.016959
-0.168951
-0.214999
-0.210344
-0.208845
0.094243
-0.118475
0.004656
-0.003507
-0.186601
-0.305525
-0.345887
-0.306320
-0.363179
-0.114168
-0.268062
-0.282788
-0.222217
-0.338400
-0.415054
-0.361481
-0.175060
-0.304778
-0.289226
-0.380715
-0.414085
-0.154346
-0.312676
-0.286401
-0.277002
-0.167737
-0.280725
-0.283950
-0.329599
-0.322085
-0.107507
-0.255757
0.011491
-0.185315
-0.203986
-0.291944
-0.107231
-0.094674
0.122247
0.176824
-0.087072
0.018583
-0.163862
-0.165151
-0.085513
-0.094900
-0.181495
-0.086630
0.019886
-0.168940
-0.058698
-0.208478
-0.060752
0.074638
-0.104684
-0.156597
-0.202979
-0.063996
0.038116
-0.075030
-0.056426
-0.162081
-0.226064
-0.234225
-0.088361
-0.154125
0.116009
0.210347
-0.069624
-0.121580
-0.205742
-0.274910
-0.353442
-0.182897
-0.268693
-0.084918
0.169422
-0.114276
-0.160462
-0.192566
-0.320012
-0.390094
-0.159345
-0.243488
-0.165377
-0.104113
-0.205817
-0.270831
-0.243393
-0.360207
-0.282947
-0.066269
0.031868
0.004102
-0.103233
-0.151784
-0.292689
-0.336328
-0.371458
-0.372582
-0.247804
-0.070926
-0.082311
-0.191735
-0.256191
-0.340780
-0.399405
-0.325459
-0.385446
-0.345176
-0.016376
-0.251908
-0.257191
-0.249253
-0.200375
-0.299658
-0.019622
-0.125294
-0.188478
-0.300006
-0.382546
-0.252201
-0.226775
-0.192210
-0.317929
-0.263559
-0.250560
-0.132691
-0.287018
0.074515
-0.080677
-0.000634
-0.088135
-0.257371
-0.280531
-0.238980
-0.243146
-0.308053
-0.104276
-0.257983
-0.134814
-0.210060
-0.271083
-0.248508
-0.078917
-0.210761
-0.310992
-0.231380
-0.340966
-0.303071
-0.313037
-0.015199
-0.101350
-0.185579
-0.301303
-0.140221
-0.127846
-0.263647
-0.213022
-0.176418
-0.038665
-0.219034
-0.269887
-0.356936
-0.336809
-0.398416
-0.336331
-0.258440
-0.187210
-0.086872
-0.263520
-0.265199
-0.273313
-0.309303
-0.399247
-0.069546
-0.241933
-0.151093
-0.000588
-0.076171
-0.039348
-0.204155
-0.145515
-0.219609
-0.037073
-0.218033
-0.302193
-0.085199
-0.231554
0.026286
-0.196955
-0.122197
0.054484
0.053027
-0.167219
-0.277349
-0.130959
-0.252526
-0.324489
-0.344641
-0.389679
-0.215675
-0.235698
-0.327235
-0.112483
-0.280657
-0.170575
-0.329734
-0.390815
-0.439727
-0.394584
-0.421300
-0.358554
-0.384269
-0.412970
-0.434846
-0.423902
-0.464130
-0.453126
-0.403829
-0.440878
-0.221091
-0.338778
-0.126450
-0.329519
-0.377516
-0.360716
-0.161386
-0.243792
-0.222212
-0.109550
-0.007313
-0.007046
-0.228739
-0.305614
-0.018948
-0.002917
-0.208129
-0.291963
-0.124755
-0.008066
0.035535
-0.171534
0.007145
-0.026471
-0.022537
-0.190661
-0.275693
0.093111
0.127671
-0.105090
-0.081727
-0.032211
-0.095443
-0.009393
0.143091
0.243487
0.346572
0.069253
-0.107017
-0.053814
-0.071959
-0.164186
-0.203721
-0.185649
0.105280
0.178499
-0.052340
0.107385
0.158147
0.118103
-0.057934
-0.157212
-0.181022
0.108752
-0.086416
0.054290
0.273752
0.047612
-0.033533
0.081194
-0.121875
0.000457
-0.070877
-0.191933
-0.153996
-0.088102
-0.211714
-0.243754
-0.246053
-0.338138
0.008694
-0.124538
0.009344
-0.213164
-0.193520
-0.246880
-0.300679
-0.336350
-0.182409
-0.090981
-0.005222
-0.055673
-0.249140
-0.151140
-0.155564
-0.255382
-0.302336
-0.190021
-0.274545
-0.308237
-0.296138
-0.314072
-0.398650
-0.434665
-0.462679
-0.399132
-0.436385
-0.396270
-0.425109
-0.353423
-0.273765
-0.404534
-0.459846
-0.486381
-0.343079
-0.417862
-0.463598
-0.450001
-0.433414
-0.365537
-0.433452
-0.388649
-0.353613
-0.220482
-0.315882
-0.420998
-0.383299
-0.448224
-0.317232
-0.378584
-0.402680
-0.272274
-0.074206
-0.225401
-0.292045
-0.342015
-0.411764
-0.148481
-0.290743
-0.370895
-0.331709
-0.041684
-0.031546
0.017475
-0.217941
-0.291270
-0.104642
-0.264844
-0.245204
-0.254134
-0.263878
-0.144452
-0.017253
-0.233524
-0.296597
-0.382452
-0.411275
-0.412135
-0.245454
-0.322805
-0.152313
-0.190588
-0.339856
-0.130863
-0.317634
-0.406448
-0.432560
-0.286847
-0.175258
-0.179222
-0.192331
-0.181565
-0.285050
-0.172736
-0.321802
-0.311052
-0.119619
0.001856
-0.028562
-0.238420
-0.317690
-0.363382
-0.277154
-0.138033
0.032451
0.138631
0.163923
0.060773
-0.167323
-0.277739
-0.298948
-0.306602
-0.261710
-0.011628
0.014020
-0.009558
-0.014046
0.102154
-0.024569
-0.170762
-0.294614
-0.251600
-0.072008
-0.052430
-0.181449
-0.089838
-0.093519
-0.252378
-0.223578
-0.338744
-0.369617
-0.414095
-0.372065
-0.375068
-0.343865
-0.363768
-0.428730
-0.154542
-0.340026
-0.416821
-0.459223
-0.480660
-0.363130
-0.293120
-0.338293
-0.416773
-0.110333
-0.317025
-0.375629
-0.282510
-0.391020
-0.379154
-0.197899
-0.328112
-0.404794
-0.130226
-0.251621
-0.183539
-0.225716
-0.051806
-0.202462
-0.315203
-0.352663
-0.306271
-0.265600
-0.280196
-0.004862
-0.051424
-0.015816
-0.191970
-0.313412
-0.110207
-0.250735
-0.333355
-0.310806
-0.264420
-0.230315
-0.306019
-0.340197
-0.285822
-0.211907
-0.350291
-0.392377
-0.444115
-0.355243
-0.331332
-0.376485
-0.347835
-0.102643
-0.234318
-0.368261
-0.414135
-0.458010
-0.416444
-0.343772
-0.239721
-0.330095
-0.031441
-0.146415
-0.217307
-0.322975
-0.242757
-0.310292
-0.303098
-0.340449
-0.286110
-0.193003
0.010913
0.003341
0.003662
-0.134721
-0.007497
-0.002474
-0.142221
-0.160699
-0.157490
0.082507
-0.137804
-0.008498
-0.068819
-0.059421
0.148093
0.201778
0.055322
-0.144572
0.020933
-0.160041
-0.066474
-0.104179
-0.074872
0.189229
0.245284
0.025329
-0.158911
-0.025076
-0.183041
-0.043986
-0.112306
0.029929
-0.132324
-0.084241
-0.233327
-0.074195
0.054297
-0.048338
-0.072195
-0.106043
-0.215142
-0.303925
-0.216886
-0.325136
-0.291492
-0.058730
-0.203609
-0.235616
-0.346009
-0.372963
-0.334147
-0.266054
-0.361305
-0.311418
-0.086128
-0.195405
-0.117272
-0.305414
-0.261321
-0.247505
-0.285699
-0.379150
-0.168274
-0.266651
-0.348787
-0.084187
-0.252347
-0.343694
-0.268078
-0.235847
-0.342930
-0.277846
-0.357101
-0.422143
-0.400008
-0.427694
-0.388524
-0.240028
-0.257372
-0.157441
-0.197762
-0.165332
-0.322436
-0.355260
-0.423060
-0.348941
-0.259231
-0.345698
-0.295831
-0.189783
0.092495
-0.182276
-0.051897
-0.242133
-0.342222
-0.315069
-0.319347
-0.344924
-0.309467
-0.157020
-0.305634
-0.110425
-0.119728
-0.273242
-0.158956
-0.066827
-0.160704
-0.291663
-0.139815
-0.219207
0.025800
-0.053666
-0.243551
-0.074705
-0.049821
0.091831
-0.136730
-0.005000
-0.028074
0.119315
-0.015546
-0.193238
-0.128808
-0.245451
-0.219631
-0.278470
-0.318890
-0.206959
-0.008859
-0.094125
-0.215003
-0.164218
-0.297125
-0.320088
-0.313080
-0.359297
-0.151744
0.050032
-0.012266
-0.187937
-0.041649
0.041866
-0.034768
-0.170688
-0.219604
-0.054561
0.145785
-0.020511
0.011685
-0.110069
-0.073138
-0.066276
-0.166184
-0.138185
-0.088143
-0.237812
-0.187375
-0.206031
-0.264941
-0.162585
-0.287687
-0.140692
-0.187939
-0.165227
-0.312545
0.051646
-0.108617
-0.263366
0.055570
-0.156773
-0.177650
-0.303767
-0.119124
-0.101980
-0.013733
-0.206980
-0.310286
-0.376859
-0.246340
-0.200714
-0.317134
-0.151717
-0.111470
-0.266340
-0.365480
-0.352929
-0.420161
-0.443442
-0.087586
-0.038410
0.011397
0.037775
-0.206959
-0.299495
-0.331891
-0.365559
-0.395015
-0.023153
0.008703
0.012837
-0.109639
-0.210217
-0.325056
-0.375762
-0.406775
-0.254319
-0.242590
-0.324776
-0.280527
-0.278819
-0.217893
-0.274128
-0.344721
-0.421355
-0.351724
-0.362804
-0.394586
-0.333999
-0.331779
-0.287135
-0.024769
-0.033926
-0.269466
-0.302319
-0.289264
-0.158617
-0.321622
-0.334561
-0.169380
-0.011588
-0.217628
-0.292702
-0.281726
-0.296119
-0.191463
-0.334492
-0.336713
-0.219180
-0.123951
-0.292921
-0.295143
-0.328100
-0.328881
-0.362051
-0.375255
-0.375139
-0.193843
-0.248534
-0.222594
-0.239171
-0.280341
-0.276666
-0.350158
-0.388207
-0.305643
-0.387129
-0.278526
-0.061602
-0.261304
-0.350315
-0.185191
-0.145385
-0.200013
-0.280757
-0.369683
-0.139843
-0.218184
-0.288336
-0.355147
-0.324804
-0.237627
-0.278123
-0.325830
-0.125428
-0.137514
-0.208671
-0.152803
-0.035059
-0.217403
-0.312172
-0.314923
-0.338239
-0.175094
-0.065059
0.081666
-0.167890
-0.152678
-0.238122
-0.330226
-0.263942
-0.336121
-0.141478
0.078791
0.250335
-0.072335
-0.172668
-0.208863
-0.226639
-0.325739
-0.303714
-0.009251
-0.158180
-0.261005
-0.350162
-0.305127
-0.193064
-0.192570
-0.319350
-0.097266
0.113488
-0.102980
-0.278314
-0.343760
-0.354377
-0.217795
-0.134619
0.058283
-0.073409
-0.011002
0.161681
-0.110395
-0.136363
-0.279734
-0.266697
-0.203214
0.025267
-0.150258
-0.122083
0.083019
-0.138405
-0.285626
-0.367898
-0.278202
-0.217041
-0.289422
-0.323681
-0.264432
0.005462
-0.207993
-0.344465
-0.414982
-0.222709
-0.042273
-0.247317
-0.199275
-0.285240
-0.260875
-0.231666
-0.272455
-0.313528
-0.395246
-0.147787
-0.221401
-0.167028
-0.226008
-0.347119
-0.289312
-0.364229
-0.086525
-0.289859
-0.226163
-0.214376
-0.150619
-0.158213
-0.287054
-0.335728
-0.334250
-0.263957
-0.355526
-0.392346
-0.277293
0.031111
-0.163895
-0.082416
-0.175740
-0.018133
-0.166019
-0.078355
-0.252425
-0.351922
-0.104011
-0.123607
-0.206542
0.027074
-0.173686
-0.258031
-0.033461
-0.187986
-0.320024
-0.069895
-0.151133
-0.177286
-0.061613
-0.214075
-0.227459
0.016740
0.075293
0.146852
0.129008
-0.046810
0.027748
-0.155177
-0.237617
0.023558
-0.007409
0.061756
0.067473
0.017702
0.025202
0.122478
-0.089473
-0.189963
0.032161
-0.112542
-0.137800
-0.022915
0.086064
0.066715
-0.067805
0.110472
0.176550
0.305992
0.113954
-0.014108
0.131214
-0.008569
-0.071263
-0.151946
0.049887
0.122845
0.122107
-0.057525
-0.083288
-0.178027
-0.221779
-0.261548
-0.341547
-0.357440
-0.034334
-0.206614
-0.328138
-0.284196
-0.331485
-0.203269
-0.316420
-0.403515
-0.417921
0.002214
-0.198840
-0.339122
-0.295240
-0.256715
-0.365731
-0.346487
-0.394232
-0.302394
-0.382478
-0.303986
-0.380002
-0.305426
-0.339395
-0.400838
-0.333656
-0.356819
-0.389474
-0.448156
-0.450296
-0.453108
-0.428368
-0.362944
-0.084421
-0.210763
-0.342593
-0.344903
-0.397213
-0.397906
-0.417237
-0.349950
-0.295621
-0.401295
-0.153984
-0.320318
-0.186667
-0.312219
-0.141333
-0.325522
-0.220576
-0.286046
-0.387958
-0.154672
-0.298123
-0.228702
-0.317744
-0.383917
-0.434891
-0.294238
-0.339670
-0.279660
-0.166638
-0.258526
-0.309766
-0.337631
-0.405847
-0.257296
-0.324841
-0.243831
-0.131842
-0.097048
0.010871
-0.150100
-0.239237
-0.164732
0.133506
-0.130581
-0.028147
-0.165826
0.060569
0.032732
0.123168
-0.102550
-0.076748
-0.185775
-0.244401
-0.229928
-0.290624
-0.177782
-0.251471
-0.060586
-0.229466
-0.211416
-0.326802
-0.331406
-0.299735
-0.351154
-0.300703
-0.305072
-0.296168
-0.273638
-0.332792
-0.319370
-0.250220
-0.155600
-0.228801
-0.074599
-0.280916
-0.364977
-0.300157
-0.303859
-0.187833
-0.255649
-0.284712
-0.173875
0.086650
-0.191075
-0.297191
-0.017468
-0.060088
0.015785
-0.151963
-0.187202
-0.282947
-0.198060
-0.269922
-0.277961
-0.071647
-0.049369
-0.039715
-0.205341
0.091121
-0.132228
-0.252936
-0.285114
-0.258455
-0.266307
-0.204137
-0.125185
-0.275255
-0.250150
-0.230308
-0.296628
-0.206656
-0.214134
-0.332221
-0.396786
-0.095545
-0.275354
-0.313778
-0.259096
-0.280368
-0.139897
-0.225846
-0.304614
-0.375456
-0.092502
-0.245863
-0.157999
0.016393
-0.108386
-0.049186
-0.068060
0.075797
0.200384
0.336431
0.218457
0.113493
0.342423
0.094546
0.033125
0.018996
0.159954
0.270987
0.088760
-0.012349
-0.093426
-0.160079
-0.232867
-0.144668
-0.136217
-0.127195
-0.029254
-0.205916
-0.240963
-0.292554
-0.330554
-0.133417
-0.104833
-0.231378
-0.254882
-0.188950
-0.304092
-0.288617
-0.261144
-0.080693
0.057397
-0.165026
-0.262855
-0.299715
-0.208073
0.027874
-0.176768
-0.099026
-0.030377
0.175394
-0.061545
-0.074003
-0.231384
-0.241904
0.008070
-0.173747
-0.148028
0.041187
0.025052
-0.095565
-0.103874
-0.243830
-0.233991
0.013734
-0.183685
-0.094701
-0.046790
-0.050727
-0.121370
-0.240480
-0.253390
-0.047790
-0.228438
-0.297630
-0.248224
-0.177723
-0.071047
-0.082837
-0.224021
-0.271004
-0.241851
-0.349305
-0.261444
-0.296818
-0.166093
-0.180322
-0.292925
-0.179419
-0.256263
-0.367255
-0.277912
-0.213855
-0.245188
-0.071482
-0.098030
-0.236848
-0.211421
-0.342323
-0.408721
-0.443910
-0.363417
-0.275492
-0.187163
-0.159526
-0.255026
-0.100984
-0.301857
-0.325776
-0.409438
-0.401116
-0.319052
-0.394407
-0.228519
-0.256514
-0.259015
-0.372667
-0.255697
-0.235137
-0.352500
-0.265061
-0.370498
-0.197191
-0.130602
-0.183935
-0.110473
-0.245852
-0.293701
-0.336129
0.042566
-0.086905
-0.222231
-0.231005
0.097882
0.015334
-0.133517
-0.261618
-0.269800
0.025032
-0.034982
-0.169015
-0.230730
-0.093072
-0.134932
0.013301
-0.168563
-0.265710
-0.023590
-0.005885
-0.029746
-0.184050
-0.058241
-0.220026
-0.304905
-0.328013
-0.273295
-0.234859
-0.302294
-0.091005
-0.159881
-0.013536
-0.232675
-0.343270
-0.291362
-0.197214
-0.259394
-0.363156
-0.114623
-0.272151
-0.320026
-0.387984
-0.278675
-0.307133
-0.354847
-0.188175
-0.339885
-0.237960
-0.367865
-0.399768
-0.425402
-0.160077
-0.309719
-0.340236
-0.291090
-0.373839
-0.273364
-0.388169
-0.408365
-0.395839
-0.245329
-0.266712
-0.115970
-0.276072
-0.335425
-0.148646
-0.300016
-0.313151
-0.309521
-0.282778
-0.055746
-0.148020
-0.280014
-0.348474
-0.042871
-0.194289
-0.177940
-0.231330
-0.225372
0.101102
-0.089964
-0.195439
-0.283120
-0.226157
-0.097834
-0.129361
-0.204906
-0.233222
-0.322830
-0.353092
-0.109957
-0.217898
-0.288585
-0.091920
0.060230
-0.087605
-0.247659
-0.339988
-0.387118
-0.030745
-0.230609
-0.295316
-0.313934
-0.118129
-0.167305
-0.298943
-0.381936
-0.407382
-0.299284
-0.353412
-0.316185
-0.389708
-0.211451
-0.167342
-0.326773
-0.409421
-0.403762
-0.361167
-0.116266
-0.297472
-0.298034
-0.327320
-0.334011
-0.399783
-0.190059
-0.309697
-0.238040
-0.060196
-0.268498
-0.044956
-0.226434
-0.347638
-0.327946
-0.217526
-0.346839
-0.341617
-0.097602
-0.144135
-0.097352
-0.268410
-0.373107
-0.374795
-0.311893
-0.399115
-0.357699
-0.171184
-0.299388
-0.358969
-0.394592
-0.420091
-0.428105
-0.199831
-0.241431
-0.116507
-0.098689
-0.268104
-0.326856
-0.308874
-0.190990
-0.271893
-0.287494
-0.154204
0.025636
-0.214922
-0.296398
-0.255311
-0.270318
-0.179658
-0.179996
-0.302025
-0.151783
-0.040464
-0.248892
-0.315400
-0.345921
-0.076456
-0.044613
-0.149602
-0.245145
-0.306488
-0.295206
-0.380102
-0.323641
-0.295270
-0.216088
-0.110724
-0.148642
-0.206700
-0.324053
-0.370521
-0.387564
-0.382534
-0.285405
-0.324801
-0.158268
-0.058347
-0.219058
-0.274232
-0.374690
-0.229075
-0.207572
-0.252792
-0.293553
-0.018990
-0.236417
-0.328282
-0.209822
-0.342626
-0.227744
-0.337110
-0.358224
-0.269016
-0.022395
-0.253230
-0.308366
-0.023445
-0.228538
-0.198883
-0.328888
-0.372688
-0.154885
0.046350
-0.203425
-0.132610
-0.277992
-0.309971
-0.382581
-0.332467
-0.327179
-0.174995
-0.159088
-0.295260
-0.282216
-0.376223
-0.321663
-0.402470
-0.234263
-0.257589
-0.331521
-0.345144
-0.293928
-0.293408
-0.254451
-0.116746
-0.091271
-0.075298
-0.145267
-0.298222
-0.352535
-0.038038
-0.048712
-0.081110
-0.071933
-0.009507
-0.198168
-0.268395
-0.308256
-0.338353
-0.146151
-0.285705
-0.308015
-0.193208
-0.182048
-0.326574
-0.405096
-0.390732
-0.366748
-0.398509
-0.442532
-0.457970
-0.401835
-0.324997
-0.381711
-0.450034
-0.414770
-0.373798
-0.427287
-0.321470
-0.425353
-0.464371
-0.487939
-0.164298
-0.303954
-0.246346
-0.195694
-0.239040
-0.316235
-0.401274
-0.430824
-0.464964
-0.085799
-0.198131
-0.213249
-0.286827
-0.282797
-0.370199
-0.177587
0.013646
-0.019238
0.172940
0.006309
-0.137061
-0.227339
-0.225966
-0.202296
-0.240298
-0.010745
0.097183
-0.035163
0.215887
-0.002899
-0.006649
-0.142338
-0.191291
-0.254389
-0.281451
-0.060839
-0.185934
-0.212714
-0.294969
-0.017139
-0.185562
-0.317871
-0.261941
-0.364639
-0.393855
-0.294634
-0.324138
-0.377337
-0.194765
-0.251306
-0.365442
-0.294517
-0.389305
-0.428944
-0.462524
-0.164987
-0.208168
-0.177989
-0.252631
-0.195164
-0.225119
-0.113612
-0.116228
-0.297592
-0.147064
-0.288488
-0.274605
-0.138893
-0.237195
-0.299980
-0.269219
-0.194242
-0.254426
-0.261642
-0.354699
-0.338924
-0.022805
-0.196972
-0.243827
-0.305584
-0.354605
-0.337311
-0.264865
-0.317035
-0.292905
-0.181632
-0.045230
0.095094
-0.155938
-0.270212
-0.102717
-0.092990
-0.152954
-0.162834
-0.225923
-0.034195
0.125298
-0.089814
-0.146888
-0.173179
-0.132668
-0.216022
-0.168940
-0.189128
-0.151358
-0.140106
-0.218341
-0.323657
-0.383121
-0.289047
-0.333606
-0.390576
-0.215377
-0.228005
-0.245187
-0.230352
-0.359517
-0.389481
-0.406746
-0.436265
-0.449289
-0.231205
-0.361728
-0.308719
-0.161594
-0.295590
-0.149660
-0.319096
-0.386770
-0.224275
-0.113163
-0.286034
-0.295028
-0.041694
-0.098550
-0.183383
-0.294442
-0.023824
-0.093325
-0.199237
-0.015377
-0.184049
-0.247867
-0.116034
-0.208256
-0.276012
-0.109064
-0.204039
-0.228637
0.033636
-0.157311
-0.291627
-0.152570
-0.229309
-0.200419
-0.273318
-0.210243
-0.248064
0.022761
-0.052787
-0.182199
-0.256366
-0.334487
0.053131
-0.130958
-0.136109
-0.191553
-0.296835
-0.131835
-0.005108
-0.148738
-0.276693
-0.127191
-0.077408
-0.256727
-0.323807
-0.376030
-0.381113
-0.358039
-0.333712
-0.400241
-0.440699
-0.365556
-0.432645
-0.455001
-0.157187
-0.318836
-0.373449
-0.407433
-0.436734
-0.463832
-0.406593
-0.169322
-0.262102
-0.268316
-0.128199
-0.219337
-0.277317
-0.198477
0.045527
-0.215345
-0.081691
-0.234974
-0.237490
-0.186207
-0.277783
-0.247460
-0.353115
0.008990
-0.220997
-0.195045
-0.302299
-0.118121
-0.197462
-0.307362
-0.174180
-0.319883
-0.041700
-0.247680
-0.220679
-0.271208
-0.204205
-0.179746
-0.208576
-0.177645
-0.212418
-0.156277
-0.309235
-0.254178
-0.353800
-0.335404
-0.378951
-0.031404
-0.108393
-0.123348
-0.109222
-0.291219
-0.281538
-0.367876
-0.408787
-0.437155
-0.313547
-0.060680
-0.133622
-0.184878
-0.331766
-0.274663
-0.320076
-0.400129
-0.372268
-0.311733
-0.152597
-0.224242
-0.214771
-0.335234
-0.212973
-0.273244
-0.370071
-0.321090
-0.389607
-0.228330
-0.237999
0.047496
-0.147376
-0.234716
-0.240822
-0.279714
-0.275399
-0.359804
-0.150119
-0.126493
-0.226007
-0.160508
-0.204786
-0.160071
-0.253272
-0.150595
-0.053671
-0.147073
0.005413
-0.181232
0.028497
-0.063292
-0.038836
-0.155659
-0.151252
-0.173615
-0.203481
-0.064157
-0.166145
-0.134025
-0.190433
-0.141410
-0.120473
-0.222326
-0.305074
-0.208614
-0.144132
-0.134676
-0.274140
-0.181701
-0.012513
-0.112358
-0.204687
-0.295137
-0.180499
-0.240471
0.081889
-0.124580
-0.162248
-0.176754
-0.225925
-0.090265
-0.267827
-0.279372
-0.317555
-0.179808
-0.218161
-0.274598
-0.242673
-0.349028
-0.319405
-0.401870
-0.375898
-0.374614
-0.228326
-0.275696
-0.337045
-0.363079
-0.405480
-0.404267
-0.269546
-0.199652
-0.192393
0.057368
-0.167286
-0.295765
-0.342026
-0.265358
-0.283181
-0.123968
-0.080736
-0.099444
-0.120285
-0.221165
-0.273979
-0.107298
-0.090477
-0.153507
-0.085164
-0.193402
-0.137207
-0.169213
-0.168202
-0.253949
-0.102743
-0.161955
-0.116168
-0.008463
-0.166053
-0.278941
-0.206287
-0.325309
-0.366166
-0.337951
-0.300400
-0.279712
-0.037727
-0.085783
-0.277362
-0.291256
-0.380559
-0.400120
-0.372291
-0.141373
-0.235880
-0.022725
-0.047710
-0.211058
-0.174177
-0.236539
-0.334372
-0.113557
-0.159708
-0.256757
-0.314783
-0.124243
-0.190230
-0.224608
-0.238644
-0.295915
-0.004828
-0.074186
-0.204996
-0.323813
-0.041952
-0.210877
-0.221219
-0.225338
-0.162579
-0.050280
-0.086064
-0.120749
-0.230829
-0.161251
-0.272433
-0.186375
-0.269941
-0.168161
-0.176617
-0.191353
-0.231966
-0.283411
-0.200818
-0.131388
-0.215824
-0.265558
-0.292995
-0.197722
-0.257799
-0.211338
-0.214037
0.095961
-0.096339
-0.227410
-0.291014
-0.283813
-0.257144
-0.288981
-0.200751
-0.174788
0.083703
-0.123016
-0.279387
-0.304966
-0.180531
-0.294974
-0.355453
-0.283688
-0.285060
-0.201595
-0.175606
-0.278581
-0.212657
-0.184462
-0.260511
-0.338655
-0.319022
-0.246515
-0.225929
-0.143818
0.155112
-0.088407
0.034745
-0.082154
0.078990
-0.009833
0.067970
0.102118
0.072297
0.026055
-0.043529
-0.038107
-0.026879
0.112415
0.136278
0.232392
0.321837
0.159070
0.087034
0.089561
0.016974
0.215961
0.291048
0.256556
0.337723
0.178256
0.084667
0.259238
0.146053
0.076530
-0.016492
-0.022743
-0.114605
0.059739
-0.040414
-0.175938
-0.253791
-0.130669
-0.174340
-0.279146
-0.320399
-0.341054
-0.306773
-0.149861
-0.298859
-0.368378
-0.184155
-0.214370
-0.322099
-0.366125
-0.222868
-0.315371
-0.222096
-0.197501
-0.236177
-0.249660
-0.151393
-0.303321
-0.278046
-0.334694
-0.359018
-0.319897
-0.372973
-0.379549
-0.297936
-0.175789
-0.291468
-0.210489
-0.299654
-0.303713
-0.333450
-0.341965
-0.222341
-0.313845
-0.263352
-0.266900
-0.152326
-0.183380
-0.143958
-0.211839
-0.101936
0.145488
-0.115541
-0.030577
-0.212193
-0.111506
-0.209788
-0.276794
-0.182561
-0.186415
0.037110
0.001389
0.174738
-0.103692
-0.222654
-0.256082
-0.294295
-0.294282
-0.162538
-0.271548
-0.282461
0.027413
-0.208570
-0.263931
-0.220994
-0.265183
-0.338452
0.042259
-0.198933
-0.277066
0.033430
-0.202376
-0.127723
-0.258697
-0.358510
-0.340136
-0.049104
-0.135293
-0.047134
-0.008556
-0.089835
-0.193006
-0.299608
-0.376495
-0.274452
-0.190489
-0.276867
-0.302782
-0.360456
-0.252674
-0.308885
-0.329344
-0.384414
-0.390931
-0.436147
-0.457104
-0.456217
-0.468124
-0.352959
-0.332568
-0.223676
-0.365401
-0.439887
-0.467724
-0.399522
-0.386773
-0.399427
-0.448036
-0.432545
-0.044969
-0.215509
-0.346116
-0.307276
-0.143729
-0.289742
-0.241684
-0.352700
-0.408482
-0.254599
-0.328421
-0.221048
-0.201627
-0.099588
-0.250340
0.020134
0.131216
-0.106901
-0.138807
-0.233799
-0.187088
-0.295624
-0.109216
-0.266109
-0.136033
-0.280228
-0.101638
-0.163624
-0.248508
-0.007069
-0.212536
-0.294391
-0.370833
-0.382603
-0.425446
-0.413010
-0.448033
-0.433083
-0.019298
0.064292
-0.226139
0.082365
-0.149659
-0.305608
-0.355112
-0.411784
-0.355791
-0.091953
-0.025292
-0.221885
0.087963
0.139585
-0.138277
-0.013731
-0.184638
-0.248193
-0.154561
-0.221652
-0.070477
0.068943
0.203861
0.144004
-0.008062
-0.174761
-0.176094
-0.100948
-0.157739
-0.115856
0.031013
0.136513
0.176508
0.006092
-0.079587
0.084427
-0.111464
-0.015494
-0.179615
-0.023628
0.085121
0.059077
-0.108674
-0.093749
-0.222850
-0.299200
-0.145104
-0.278172
-0.326217
-0.250142
-0.256083
-0.340013
-0.348993
-0.413211
-0.379366
-0.408260
-0.445825
-0.424322
-0.380620
-0.235031
-0.207719
-0.312293
-0.379978
-0.320341
-0.382041
-0.444866
-0.422293
-0.440424
-0.093940
0.075185
-0.015066
-0.097947
-0.101082
-0.154084
-0.306651
-0.337471
-0.399408
-0.284147
-0.313363
-0.139030
-0.238056
-0.241663
-0.329350
-0.381754
-0.115987
-0.298108
-0.231254
-0.306261
-0.214074
-0.286848
-0.246077
-0.342697
-0.281332
-0.034664
-0.013092
0.106977
-0.167535
-0.092511
-0.147992
-0.155892
-0.232779
-0.049461
-0.211477
0.062496
-0.040947
-0.221333
-0.117440
-0.262332
-0.120426
-0.045799
-0.211437
-0.312869
-0.133897
-0.270417
-0.207805
-0.143499
-0.276026
-0.301787
-0.207567
-0.319686
-0.203335
-0.302669
-0.366967
-0.364605
-0.077241
-0.060073
-0.241740
-0.265438
-0.138952
-0.194662
-0.307874
-0.324042
-0.323266
-0.144149
-0.273487
-0.327721
-0.347540
-0.382099
-0.406459
-0.414920
-0.411734
-0.332371
-0.287150
-0.396219
-0.362507
-0.378713
-0.431484
-0.383578
-0.446096
-0.474169
-0.449712
-0.443640
-0.456001
-0.413591
-0.335024
-0.319296
-0.176163
-0.353357
-0.428973
-0.459667
-0.451260
-0.308426
-0.416061
-0.277426
-0.293370
-0.210796
-0.346745
-0.317416
-0.387560
-0.299863
-0.170525
-0.339544
-0.110217
-0.288801
-0.243696
-0.339230
-0.323930
-0.090082
-0.219528
-0.039493
-0.054049
-0.186212
-0.316386
-0.331056
-0.232632
-0.325518
-0.028151
-0.232744
0.100200
0.132628
-0.117010
-0.266247
-0.354847
-0.221677
-0.319322
-0.288825
-0.337927
-0.182572
-0.256392
-0.357198
-0.409578
-0.438313
-0.425989
-0.406316
-0.416794
-0.430773
-0.346103
-0.408397
-0.439330
-0.431282
-0.411687
-0.409739
-0.334712
-0.432407
-0.452504
-0.313628
-0.296303
-0.052134
-0.141135
-0.297685
-0.123771
-0.095261
-0.290759
-0.328366
-0.332085
-0.077189
0.087825
-0.118941
-0.244534
-0.282387
-0.096687
0.027984
-0.112871
-0.212713
-0.192037
0.126082
-0.036297
-0.138532
-0.209558
-0.294895
-0.301448
-0.156744
-0.068167
-0.196554
-0.032443
-0.066429
0.128620
0.208707
-0.081653
-0.211451
-0.114418
-0.023889
-0.126450
-0.071493
-0.157287
-0.115534
0.119288
-0.013120
-0.119708
-0.171573
-0.254526
-0.174264
-0.143020
-0.275458
-0.310789
0.056474
0.084406
-0.054755
-0.219951
-0.290200
-0.372184
-0.327358
-0.386579
-0.395497
-0.386244
-0.239225
-0.196065
-0.292371
-0.370671
-0.437941
-0.369717
-0.433707
-0.396839
-0.423525
-0.402748
-0.392901
-0.448784
-0.450094
-0.366599
-0.198833
-0.371062
-0.297531
-0.367083
-0.360950
-0.410597
-0.457578
-0.175959
0.043680
-0.051401
-0.246336
-0.226296
-0.281451
-0.183563
-0.312611
-0.347843
-0.064508
-0.033070
-0.153105
0.069022
-0.013752
-0.103745
-0.265962
-0.334704
-0.305346
-0.192479
-0.168109
-0.238441
0.109053
-0.084113
-0.224064
-0.340730
-0.252100
-0.006009
-0.033873
-0.196432
-0.225988
0.131231
-0.023606
-0.163906
-0.249563
-0.148242
0.000299
-0.131782
-0.269263
-0.288528
-0.181545
-0.210650
-0.166975
-0.071704
-0.053393
-0.008017
-0.203196
-0.318077
-0.321975
-0.352038
-0.316722
-0.004035
-0.086962
-0.093508
-0.092158
-0.218739
-0.339259
-0.153899
-0.207468
-0.016877
-0.205201
-0.280667
-0.184414
-0.297926
-0.300377
-0.383127
-0.065749
0.131425
0.129119
-0.128942
-0.202058
-0.153212
-0.295361
-0.276528
-0.322190
-0.184378
-0.271169
-0.165864
-0.028981
0.009308
-0.206418
-0.312839
-0.085900
-0.068364
-0.045212
-0.201251
-0.256046
-0.019404
-0.146323
-0.279761
0.016457
-0.117467
-0.183708
-0.015119
-0.093503
-0.232000
-0.250613
-0.294086
-0.259584
-0.339476
-0.318892
-0.385657
-0.089677
-0.223915
-0.351181
-0.358458
-0.326602
-0.371133
-0.427687
-0.280545
-0.350700
0.009512
-0.104232
-0.303469
-0.227889
-0.157667
-0.313058
-0.269808
-0.340211
-0.350176
-0.195819
0.009991
-0.227567
-0.198524
-0.136361
-0.268627
-0.074107
-0.269433
-0.308081
-0.167186
-0.173086
-0.185438
-0.274817
-0.326860
-0.341060
-0.104831
-0.282366
0.032930
-0.042675
-0.101059
-0.009256
-0.185721
-0.285504
-0.354624
-0.361760
-0.318662
-0.045272
-0.077333
-0.206452
-0.330650
-0.179249
-0.248109
-0.335040
-0.384304
-0.374308
-0.234872
-0.126216
-0.306420
-0.395627
-0.401615
-0.333254
-0.160986
-0.149671
-0.318790
-0.375350
-0.337675
-0.407358
-0.294335
-0.359669
-0.237672
-0.130740
-0.032846
-0.249499
-0.320001
-0.362190
-0.133140
-0.223954
0.035319
0.211647
0.111822
0.184044
0.329812
0.166923
0.025143
-0.094834
-0.096389
0.173129
0.150489
0.084689
0.258262
0.324741
0.222911
0.037902
-0.107648
0.179980
0.411544
0.209486
0.032813
0.253519
0.057925
-0.064019
-0.137254
-0.218476
-0.035848
-0.014806
-0.166106
-0.237973
-0.220664
-0.311725
-0.365649
-0.242737
-0.254663
-0.340971
-0.280290
-0.376621
-0.310886
-0.326293
-0.271852
-0.376587
-0.275770
-0.250218
-0.371386
-0.223070
-0.245300
-0.371138
-0.104591
-0.273917
-0.367249
-0.107323
-0.160991
-0.265590
-0.334576
-0.393405
-0.424822
-0.396213
-0.441598
-0.428747
-0.202898
-0.190741
-0.235855
-0.373890
-0.412825
-0.187574
-0.326152
-0.392408
-0.411315
-0.157529
-0.227666
-0.280960
-0.386178
-0.043310
-0.141594
-0.259369
-0.329143
-0.186921
-0.052757
-0.171496
-0.115680
-0.167238
-0.270619
-0.258389
-0.291027
-0.327139
-0.065865
0.015609
-0.144472
0.086575
-0.072536
-0.230381
-0.139984
-0.053358
-0.100764
-0.246457
-0.033278
-0.025144
-0.094052
-0.246965
-0.117487
-0.183546
-0.252864
-0.271539
-0.354768
-0.303543
-0.340358
-0.277599
-0.367431
-0.368760
-0.399650
-0.429631
-0.399770
-0.380434
-0.401592
-0.413591
-0.292162
-0.377108
-0.405063
-0.318825
-0.397314
-0.343514
-0.294059
-0.317643
-0.327461
-0.278971
-0.390233
-0.334507
-0.131182
-0.248418
-0.088709
-0.115386
-0.114978
-0.264213
-0.031985
-0.216643
-0.185162
-0.275327
-0.090430
-0.259031
-0.172529
-0.231068
-0.227735
-0.197953
-0.294631
0.028457
-0.181850
-0.105127
-0.270717
-0.221544
-0.317980
-0.033582
-0.191366
-0.273738
-0.039530
-0.177728
-0.019405
-0.171275
-0.240752
-0.262766
0.073535
-0.128143
-0.267018
-0.049517
-0.115531
0.082058
-0.068571
-0.174367
-0.082575
-0.091400
-0.135872
-0.260120
-0.274017
0.041701
0.205836
-0.019651
-0.166575
-0.172133
-0.287855
-0.232517
-0.125532
-0.265732
-0.074735
0.129398
-0.070384
-0.160301
-0.247115
-0.334182
-0.354089
-0.264915
-0.311304
-0.104679
-0.238692
-0.208199
-0.095415
-0.199021
-0.251000
-0.261941
-0.365133
-0.158940
-0.308182
-0.354814
-0.387464
-0.422605
-0.223983
-0.224155
-0.352496
-0.425289
-0.239025
-0.371844
-0.285551
-0.355190
-0.415579
-0.396454
-0.246681
-0.370209
-0.406660
-0.394816
-0.331051
-0.226489
-0.321705
-0.202191
-0.285521
-0.358875
-0.400353
-0.393874
-0.344208
-0.380438
-0.220522
-0.309423
-0.350361
-0.238130
-0.316561
-0.404658
-0.435941
-0.234004
-0.366095
-0.324136
-0.313089
-0.311392
-0.386313
-0.250398
-0.367482
-0.378949
-0.269350
-0.326410
-0.404247
-0.325941
-0.363039
-0.397993
-0.252097
-0.342648
-0.340892
-0.397988
-0.403830
-0.428288
-0.213584
-0.316593
-0.396132
-0.343236
-0.314245
-0.333497
-0.421774
-0.433342
-0.286879
-0.275825
-0.014148
-0.254693
-0.342272
-0.234489
-0.141424
-0.313076
-0.210856
-0.264673
-0.338507
-0.398130
-0.175177
-0.314691
-0.074234
-0.100054
-0.226944
-0.268238
-0.283008
-0.357453
-0.409739
-0.161709
-0.258418
-0.191031
-0.051791
-0.091808
-0.198622
-0.233293
-0.318803
-0.339430
-0.401269
-0.351333
-0.187181
-0.137282
-0.094644
-0.110738
-0.174826
-0.201846
-0.276329
-0.368490
-0.336259
-0.318685
-0.214430
-0.289406
-0.237791
-0.166646
-0.094940
-0.165263
-0.156458
-0.181590
-0.244270
-0.234259
-0.327518
-0.085456
-0.221474
-0.247677
-0.241075
-0.270843
-0.328063
-0.138871
-0.193253
-0.248138
-0.128089
-0.269934
-0.227350
-0.188988
-0.277196
-0.374261
-0.213460
-0.193073
-0.245243
-0.164208
-0.111352
-0.289905
-0.327900
-0.352149
-0.418428
-0.251795
-0.170866
-0.278723
-0.283223
-0.070095
-0.279099
-0.286067
-0.363859
-0.414247
-0.218073
-0.060061
-0.273394
-0.349072
-0.344266
-0.381632
-0.167575
-0.278451
-0.118348
-0.101941
-0.273295
-0.377075
-0.429378
-0.408920
-0.421657
-0.212707
-0.060970
0.177016
0.093968
-0.159396
-0.300389
-0.377717
-0.288993
-0.188433
-0.146007
-0.130266
-0.110241
-0.199440
0.024010
-0.171229
-0.168603
-0.167365
0.031413
-0.157157
-0.201759
-0.252274
-0.301790
-0.117142
-0.231766
-0.181300
-0.084730
-0.042813
-0.227551
-0.235460
-0.188553
-0.104031
-0.191149
-0.278010
-0.345003
-0.045687
-0.190305
-0.221058
-0.067607
0.028490
-0.052523
-0.203674
-0.323551
-0.364822
-0.239291
-0.265986
-0.025059
0.062223
-0.050267
-0.127877
-0.175784
-0.309027
-0.099729
-0.165513
-0.266558
-0.020269
-0.205683
-0.221933
-0.128081
-0.171477
-0.301274
-0.203343
-0.273895
-0.361693
-0.062709
-0.255412
-0.359980
-0.056276
-0.187085
-0.314469
-0.330158
-0.300256
-0.390756
-0.336129
-0.311536
-0.403371
-0.398419
-0.406703
-0.449397
-0.369372
-0.195345
-0.359516
-0.428983
-0.330606
-0.415491
-0.425704
-0.448654
-0.456532
-0.220143
-0.160329
-0.279085
-0.394930
-0.323374
-0.279254
-0.111151
-0.283181
-0.133563
-0.146315
-0.046195
-0.117022
-0.214894
-0.151822
-0.120154
-0.036414
-0.181095
-0.216281
-0.234090
-0.100033
0.102741
0.221399
0.247991
0.082228
0.027136
-0.030701
-0.065256
-0.158826
-0.073718
-0.049844
0.192878
0.157811
-0.042791
-0.105245
-0.135309
-0.084439
-0.227289
-0.202825
-0.124652
0.023945
-0.104738
-0.239228
-0.159982
-0.197427
-0.300870
-0.363201
-0.329005
-0.089989
-0.084433
-0.215822
-0.335042
-0.268657
-0.146552
-0.305230
-0.292994
-0.355689
-0.122111
-0.160128
-0.302239
-0.390244
-0.403939
-0.332147
-0.355316
-0.286970
-0.388997
-0.082878
-0.135392
-0.319504
-0.326339
-0.314461
-0.396566
-0.219680
-0.048802
-0.264986
-0.219239
-0.331587
-0.404402
-0.391614
-0.351196
-0.395446
-0.371480
-0.323044
-0.396920
-0.353147
-0.415031
-0.418180
-0.413437
-0.431277
-0.337063
-0.425657
-0.367738
-0.428487
-0.334855
-0.133262
-0.273018
-0.388845
-0.423865
-0.402411
-0.447000
-0.255216
-0.328208
-0.414167
-0.223730
-0.249308
-0.374961
-0.421985
-0.293608
-0.370286
-0.299858
-0.044482
-0.270346
-0.100124
-0.184493
-0.137932
-0.302147
-0.159676
-0.237238
-0.289732
-0.051993
-0.251376
-0.003290
-0.167090
-0.187959
-0.282965
-0.373944
-0.284312
-0.362468
-0.354243
-0.415939
-0.196748
-0.307410
-0.302283
-0.275680
-0.392400
-0.318329
-0.381127
-0.396632
-0.300618
-0.131941
-0.240566
-0.286140
-0.277571
-0.348457
-0.224846
-0.074695
-0.089204
-0.234044
0.029446
-0.176355
-0.243201
-0.060468
-0.064854
-0.221796
-0.096071
-0.156180
-0.284333
-0.230623
-0.262032
-0.212164
-0.034221
0.042082
-0.181492
-0.201880
-0.227413
-0.285233
-0.322980
-0.299690
-0.361290
-0.321152
-0.235649
-0.296000
-0.308262
-0.117629
-0.285212
-0.377844
-0.358574
-0.424222
-0.374430
-0.358785
-0.358106
-0.301206
-0.135369
-0.318668
-0.401249
-0.268340
-0.389793
-0.408629
-0.436424
-0.440380
-0.382118
-0.242415
-0.335137
-0.344475
-0.385899
-0.443048
-0.464715
-0.430125
-0.413678
-0.358126
-0.399022
-0.433622
-0.321946
-0.402353
-0.365422
-0.401355
-0.145926
-0.005289
-0.255894
-0.320995
-0.375283
-0.186616
-0.336548
-0.296009
-0.372051
-0.073456
-0.135523
-0.290974
-0.067880
-0.176536
0.006907
-0.209819
-0.149931
-0.266328
-0.049693
-0.119129
0.090271
-0.135782
-0.262466
-0.334098
-0.353323
-0.359700
-0.151536
-0.207002
-0.007835
0.049593
-0.171153
-0.317349
-0.378162
-0.403249
-0.427546
-0.115410
-0.264542
0.047083
-0.011663
-0.126812
-0.299264
-0.357310
-0.279606
-0.352473
-0.121134
-0.235255
-0.163298
-0.298057
-0.315044
-0.190031
-0.316847
-0.343131
-0.254764
-0.090327
-0.099533
-0.118452
-0.269880
-0.220779
-0.312496
-0.205534
-0.300797
-0.371980
-0.230274
-0.176818
-0.228827
-0.005420
-0.132711
-0.283295
-0.191859
-0.165721
-0.316701
-0.364938
-0.405111
-0.362507
-0.234423
-0.261708
-0.377755
-0.328273
-0.005577
-0.215646
-0.301779
-0.382856
-0.249183
-0.235795
-0.321773
-0.406061
-0.447648
-0.346496
-0.389122
-0.051870
-0.169882
-0.244715
-0.126742
-0.303097
-0.313520
-0.402731
-0.324169
-0.386105
-0.203832
-0.305323
-0.375179
0.015598
-0.216324
-0.237970
-0.298848
-0.179459
-0.278499
-0.243106
-0.274410
-0.334268
-0.266742
-0.201073
-0.342778
-0.401043
-0.215701
-0.292691
-0.343556
-0.066722
-0.282626
-0.252209
-0.230946
-0.360138
-0.390376
-0.322463
-0.238099
-0.327294
0.017135
-0.235728
0.017899
-0.139275
-0.180819
-0.236030
-0.248003
-0.284257
-0.195816
-0.132143
-0.175693
0.043473
0.021533
-0.065625
-0.149956
0.095491
-0.138449
-0.225852
-0.311804
0.048188
0.241428
0.249706
0.138670
0.020454
0.280971
0.054584
-0.099312
-0.214202
-0.036899
-0.128599
0.114881
-0.008633
-0.074196
-0.149247
0.136330
-0.074885
-0.102901
-0.137208
-0.259780
-0.271225
-0.297227
-0.187030
-0.308475
-0.204344
-0.308932
-0.343981
-0.345365
-0.371524
-0.429916
-0.292948
-0.316273
-0.372713
-0.434533
-0.383886
-0.421116
-0.387849
-0.288567
-0.396029
-0.269331
-0.373606
-0.174751
-0.342348
-0.415166
-0.230543
-0.275441
-0.238254
-0.135404
-0.058191
-0.269283
-0.151601
-0.182699
-0.314448
-0.343443
-0.358348
-0.110542
-0.271873
0.007298
-0.195719
-0.063862
-0.155663
-0.019616
-0.189726
-0.224471
-0.211133
-0.326064
-0.269896
-0.257864
-0.184319
-0.027424
-0.131561
-0.181740
-0.123968
-0.281275
-0.354044
-0.303491
-0.319817
-0.320766
-0.076035
-0.255770
-0.286592
-0.358583
-0.408903
-0.441533
-0.115686
-0.182364
-0.249030
-0.260620
-0.374775
-0.402607
-0.430106
-0.439925
-0.464406
-0.229669
-0.327403
-0.151152
-0.278634
-0.396864
-0.441878
-0.465742
-0.438278
-0.341792
-0.163072
-0.309691
-0.190175
-0.279166
-0.383213
-0.391456
-0.446090
-0.186599
-0.256437
-0.103644
-0.224057
-0.314313
-0.264517
-0.325885
-0.390721
-0.375779
-0.161982
-0.280975
-0.363019
-0.411695
-0.447147
-0.391582
-0.322132
-0.409703
-0.059513
-0.247897
-0.235612
-0.354879
-0.409540
-0.414273
-0.387572
-0.416854
-0.407103
-0.038425
-0.247140
-0.282815
-0.305621
-0.100217
-0.164204
-0.143613
-0.316184
-0.381389
0.024754
-0.063379
-0.244054
-0.314594
-0.225251
-0.307710
-0.284144
-0.377722
-0.417999
-0.038879
-0.185683
-0.319960
-0.302356
-0.383163
-0.430418
-0.440579
-0.388282
-0.310161
-0.288248
-0.342699
-0.327449
-0.281146
-0.387066
-0.423847
-0.454900
-0.409650
-0.279955
-0.274506
-0.254828
-0.161115
-0.271696
-0.264827
-0.051020
-0.184034
-0.309399
-0.297985
-0.357533
-0.395955
-0.376787
-0.282928
-0.252321
-0.307896
-0.357068
-0.428045
-0.375860
-0.437145
-0.442616
-0.428247
-0.451502
-0.444025
-0.400147
-0.418949
-0.457705
-0.464741
-0.442109
-0.185058
-0.217415
-0.360367
-0.366182
-0.390796
-0.452383
-0.374882
-0.415150
-0.247529
-0.010684
-0.114862
-0.132773
-0.127580
-0.269093
-0.378146
-0.293803
-0.195538
-0.249501
-0.100666
-0.203674
-0.136972
-0.245094
-0.115531
-0.177048
-0.085464
0.066366
-0.091415
-0.237208
-0.233160
-0.272225
-0.304500
-0.119551
0.023857
-0.113131
-0.125646
0.015327
-0.174479
-0.078084
-0.213716
-0.087993
-0.135565
-0.223809
-0.202978
-0.173002
-0.134448
-0.012174
-0.048089
-0.177999
0.009429
-0.147684
-0.242900
-0.282271
-0.109812
-0.129093
-0.051572
-0.121393
-0.255578
-0.058556
-0.072214
-0.202403
-0.263059
-0.228987
-0.101582
-0.148101
-0.270458
-0.339545
-0.210410
-0.192235
-0.281126
-0.249115
-0.279263
-0.161605
-0.272220
-0.364729
-0.309082
-0.218119
-0.251012
-0.137190
-0.287920
-0.210781
-0.242923
-0.354037
-0.307513
-0.273449
-0.116345
-0.204219
-0.243658
-0.287381
-0.263134
-0.362660
-0.404585
-0.295952
-0.344918
-0.328580
-0.330137
-0.290338
-0.294883
-0.396209
-0.439027
-0.270460
-0.296068
-0.349853
-0.371439
-0.202061
-0.099145
-0.248677
-0.361800
-0.292549
-0.295685
-0.215049
-0.297541
-0.357402
-0.195482
-0.158577
-0.307267
-0.250955
-0.080610
-0.248109
-0.266567
-0.273527
-0.370158
-0.330167
-0.352268
-0.419369
-0.390549
-0.174708
-0.292960
-0.349966
-0.330769
-0.418613
-0.333881
-0.357105
-0.425584
-0.401836
-0.433988
-0.411842
-0.333684
-0.421088
-0.462486
-0.362821
-0.342474
-0.231520
-0.328057
-0.404582
-0.316458
-0.335643
-0.410746
-0.382486
-0.422321
-0.450598
-0.450786
-0.427720
-0.120364
-0.136987
-0.329338
-0.228297
-0.223198
-0.320659
-0.409678
-0.437690
-0.326003
-0.161935
-0.269367
-0.356707
-0.378740
-0.232811
-0.134822
-0.304729
-0.250265
-0.282767
-0.205823
-0.309656
-0.336532
-0.403064
-0.398651
-0.125646
-0.173752
-0.304081
-0.308032
-0.187156
-0.240481
-0.322461
-0.401902
-0.367110
-0.335386
-0.366244
-0.415395
-0.357757
-0.196103
-0.094677
-0.115529
-0.272029
-0.172521
-0.262221
-0.299747
-0.330500
-0.308454
-0.320238
-0.332774
-0.288171
-0.004008
-0.158705
-0.243328
-0.330751
-0.369617
-0.428953
-0.386378
-0.423246
-0.299917
-0.333329
-0.269982
-0.359207
-0.383208
-0.386323
-0.450158
-0.189808
-0.289587
-0.162140
-0.306013
-0.278683
-0.279166
0.007437
-0.212200
-0.298176
-0.242254
-0.068831
0.005268
-0.112220
-0.121943
-0.159623
-0.273339
-0.319395
-0.274470
-0.224036
-0.151014
-0.174493
-0.173135
-0.069807
-0.246713
-0.332370
-0.315894
-0.380533
-0.419206
-0.343867
-0.303462
-0.391258
-0.259546
-0.345363
-0.201162
-0.265845
-0.384908
-0.434079
-0.435674
-0.266060
-0.379136
-0.134938
-0.236206
-0.169228
-0.286010
-0.377669
-0.399664
-0.404581
-0.184691
-0.271016
-0.005846
-0.154147
-0.313949
-0.314133
-0.310462
-0.392459
-0.278811
-0.139235
-0.252901
0.050387
-0.067393
-0.260896
-0.157428
0.053109
-0.113555
0.000695
-0.080979
-0.169434
-0.150879
-0.072688
0.157877
-0.054995
0.222359
0.008750
0.084937
0.014279
-0.152309
-0.156662
-0.120656
-0.215126
-0.212071
-0.244398
-0.318449
-0.175433
-0.114495
-0.254123
-0.272935
-0.239009
-0.350927
-0.135357
-0.259584
-0.305821
-0.075979
-0.204680
-0.165151
-0.307981
-0.191289
-0.295159
-0.211634
-0.040695
-0.231628
-0.349336
-0.320526
-0.375121
-0.373962
-0.263256
-0.167381
-0.113670
0.055445
-0.201996
-0.341394
-0.370707
-0.418399
-0.449449
-0.125577
0.068797
0.134427
0.227715
-0.023691
-0.070204
-0.244596
-0.324121
-0.383964
-0.160905
-0.196698
0.009529
-0.100289
-0.251588
-0.001779
-0.182239
-0.257703
-0.308667
-0.349735
-0.344476
-0.182825
-0.239000
-0.354999
-0.277051
-0.200952
-0.033784
-0.196926
-0.302789
-0.371821
-0.224226
-0.328630
-0.383814
-0.288257
-0.182223
-0.101819
-0.277607
-0.148675
-0.299074
-0.168487
-0.311502
-0.348294
-0.125861
0.024804
0.021760
-0.172887
-0.264864
-0.204322
-0.234174
-0.144634
-0.278641
-0.296824
-0.004144
-0.099572
-0.268231
-0.349332
-0.229997
-0.315138
-0.125480
-0.281234
-0.322241
-0.245203
-0.220040
-0.350686
-0.417089
-0.376482
-0.348087
-0.385277
-0.357508
-0.145650
-0.247254
-0.311724
-0.315375
-0.411899
-0.423447
-0.411119
-0.456321
-0.245416
-0.379284
-0.292318
-0.341885
-0.088628
-0.284896
-0.344283
-0.399319
-0.445940
-0.311823
-0.407677
-0.399505
-0.221024
-0.165145
-0.190905
-0.300676
-0.350396
-0.266536
-0.185717
-0.264563
-0.303110
-0.272800
-0.128638
-0.153954
-0.270897
-0.374496
-0.399192
-0.273404
-0.281664
0.045248
-0.180186
0.100665
0.198017
-0.063724
-0.250774
-0.336711
-0.315119
-0.263332
-0.046446
-0.155770
0.027710
0.051624
-0.021444
-0.219935
-0.328276
-0.330449
-0.312903
-0.354655
-0.138023
0.015835
-0.052981
0.027669
-0.124322
-0.281943
-0.359072
-0.395819
-0.406729
-0.262879
-0.005557
0.002441
-0.031333
-0.175990
-0.093445
-0.278418
-0.336042
-0.209313
-0.302995
-0.289033
-0.282046
-0.366414
-0.410624
-0.303415
-0.388092
-0.316195
-0.208457
-0.301072
-0.403384
-0.427010
-0.463927
-0.459830
-0.466837
-0.292603
-0.291513
-0.279481
-0.321351
-0.421951
-0.415243
-0.444675
-0.475679
-0.456153
-0.441907
-0.147970
-0.169631
-0.281302
-0.380929
-0.328202
-0.342369
-0.424957
-0.132139
-0.291671
-0.375265
-0.244285
-0.018128
-0.086300
-0.224248
-0.179575
-0.270904
-0.046926
-0.215211
-0.318658
-0.369416
-0.016898
0.035270
-0.127723
0.014170
-0.204664
-0.243536
-0.270208
-0.302268
-0.365796
-0.001702
-0.081036
0.014391
0.134165
-0.138716
-0.283785
0.054779
-0.131272
-0.187097
-0.204963
-0.179819
0.087900
-0.077550
-0.240185
-0.333944
-0.013091
-0.102714
-0.034971
-0.195433
-0.235804
-0.053894
-0.234368
-0.318730
-0.371538
-0.172693
-0.249770
-0.065772
-0.129760
-0.155739
-0.017100
-0.215796
-0.255620
-0.337051
-0.284911
-0.307148
-0.219395
-0.167828
-0.223654
0.002212
0.076190
-0.145910
-0.212566
-0.270118
-0.198611
-0.269918
-0.225437
-0.244455
-0.075696
-0.119633
-0.172733
-0.179215
-0.255010
-0.299138
-0.299849
-0.332975
-0.173229
-0.176123
-0.282081
-0.233030
-0.251845
-0.202095
-0.319326
-0.084941
-0.215317
-0.337857
-0.360496
-0.365906
-0.238213
-0.254584
-0.323849
-0.352718
-0.212689
0.013919
-0.233324
-0.273898
-0.360232
-0.175544
-0.199719
-0.317834
-0.381461
-0.320543
-0.260365
-0.111977
-0.111061
-0.264518
-0.136967
-0.214296
-0.188946
-0.329609
-0.187430
-0.256122
-0.204986
-0.167995
-0.291241
-0.241024
-0.306902
-0.280616
-0.376321
-0.342963
-0.307413
-0.361848
-0.210866
-0.346131
-0.389919
-0.370658
-0.388052
-0.387792
-0.410550
-0.305951
-0.315585
-0.131897
-0.305677
-0.339829
-0.334685
-0.378568
-0.395613
-0.395599
-0.151073
-0.142072
-0.094313
-0.259346
-0.298771
-0.274734
-0.338573
-0.354268
-0.348063
-0.017198
-0.158273
-0.195119
-0.107712
-0.203983
-0.275905
-0.345862
-0.053214
-0.152169
-0.031120
-0.075614
-0.207416
-0.081240
-0.124625
-0.205050
-0.308136
-0.316142
-0.176715
-0.224568
-0.005715
-0.122944
-0.157260
-0.130538
0.091212
-0.078197
-0.216951
-0.269755
-0.292539
-0.357537
-0.206935
-0.116479
-0.266402
-0.133748
-0.253137
-0.178859
-0.269898
-0.293340
-0.375198
-0.392562
0.039083
-0.205626
-0.195796
-0.331911
-0.250748
-0.352120
-0.296702
-0.236385
-0.357660
-0.032352
0.021340
-0.200474
-0.317421
-0.375828
-0.417179
-0.431268
-0.285594
-0.353819
-0.351988
-0.240432
-0.329985
-0.311696
-0.360941
-0.432797
-0.466238
-0.251269
-0.201862
-0.322879
-0.183985
-0.057761
-0.118739
-0.060184
-0.273976
-0.358455
-0.377371
-0.311031
-0.254152
-0.139031
-0.004387
-0.035126
-0.029926
-0.185338
-0.314626
-0.382598
-0.315762
-0.334842
-0.266686
-0.256709
-0.280705
-0.004815
-0.062828
-0.258415
-0.340336
-0.384078
-0.384384
-0.377050
-0.403665
-0.424582
-0.237565
-0.228423
-0.364263
-0.276168
-0.355281
-0.300607
-0.325015
-0.322690
-0.371473
-0.281235
-0.269597
-0.379602
-0.313559
-0.381004
-0.304876
-0.385126
-0.162334
-0.163285
-0.213741
-0.241039
-0.346610
-0.319183
-0.366335
-0.372488
-0.421816
-0.443275
-0.359798
-0.254980
-0.289455
-0.394400
-0.231313
-0.023518
-0.258419
-0.267128
-0.372318
-0.413746
-0.425075
-0.394030
-0.409495
-0.256356
0.040526
-0.176704
-0.324918
-0.177466
-0.316962
-0.390801
-0.418308
-0.366954
-0.235281
-0.043355
-0.261935
-0.349348
-0.147159
-0.269134
-0.343824
-0.376394
-0.418327
-0.432115
-0.324913
-0.410677
-0.094830
-0.206083
-0.357760
-0.366694
-0.243633
-0.372801
-0.425603
-0.284846
-0.257673
-0.248829
-0.338121
-0.420658
-0.282497
-0.306687
-0.351723
-0.269636
0.047803
0.044307
-0.186602
-0.233703
-0.216170
-0.236289
-0.278021
-0.251505
-0.243481
-0.089807
-0.030176
-0.220837
-0.253869
-0.343789
-0.394678
-0.403423
-0.278606
-0.315850
-0.170535
-0.323824
-0.358752
-0.375856
-0.417947
-0.454719
-0.463208
-0.383652
-0.357659
-0.101902
-0.312299
-0.306110
-0.203953
-0.108711
-0.200546
-0.310288
-0.308256
-0.164142
-0.239960
-0.316685
-0.219832
-0.058348
-0.089144
-0.093492
-0.120915
-0.238249
-0.249997
-0.321449
-0.340521
-0.291317
-0.352976
-0.399329
-0.317993
-0.047217
-0.198176
-0.347591
-0.311768
-0.050911
-0.274870
-0.366808
-0.405190
-0.259814
-0.234969
-0.059106
-0.272276
-0.330183
-0.300866
-0.392165
-0.420688
-0.444977
-0.370733
-0.380779
0.010379
-0.200858
-0.309716
-0.356300
-0.176386
-0.330074
-0.410702
-0.315011
-0.249295
0.011977
-0.207042
-0.128188
-0.293518
-0.181435
-0.215647
-0.330441
-0.055526
0.139135
0.057545
-0.046565
0.024367
-0.161486
0.018928
0.049240
-0.080941
0.015717
0.001669
0.003214
0.028021
-0.063970
0.065572
-0.133140
-0.033156
0.219924
0.164385
0.065268
-0.090529
-0.138963
-0.207945
-0.067583
-0.218314
-0.126033
0.110201
0.081874
0.187019
-0.032446
-0.090351
-0.186656
-0.098397
-0.215478
-0.299810
-0.187203
-0.122333
0.111159
-0.113029
-0.160310
-0.261137
-0.296042
-0.204729
-0.327524
-0.247305
-0.153212
-0.090292
-0.265048
-0.355184
-0.388583
-0.412040
-0.263664
-0.334966
-0.369150
-0.280717
-0.320008
-0.334940
-0.418972
-0.421544
-0.341963
-0.235723
-0.208680
-0.301485
-0.271232
-0.327681
-0.276832
-0.392263
-0.386487
-0.110379
-0.258047
-0.300776
-0.069732
-0.240132
-0.343608
-0.392562
-0.440887
-0.326957
-0.198688
-0.243202
-0.295418
-0.386908
-0.391505
-0.428568
-0.450325
-0.451734
-0.441952
-0.312283
-0.156421
-0.344574
-0.430294
-0.362967
-0.416681
-0.459387
-0.389401
-0.436219
-0.393680
-0.399028
-0.457469
-0.481185
-0.376483
-0.399716
-0.455780
-0.412841
-0.359923
-0.397956
-0.402772
-0.428165
-0.460777
-0.461709
-0.409347
-0.450329
-0.359569
-0.324479
-0.300317
-0.208150
-0.348095
-0.378591
-0.418228
-0.458800
-0.436740
-0.405315
-0.368392
-0.151517
-0.078695
-0.295078
-0.326994
-0.280393
-0.373760
-0.216799
-0.321910
-0.248426
-0.335684
-0.155078
-0.324602
-0.290565
-0.233970
-0.072607
-0.063044
-0.238246
-0.113532
-0.264830
-0.081957
-0.269020
-0.268172
-0.006680
-0.092040
0.057782
-0.106013
-0.155034
-0.269179
-0.031897
-0.203643
-0.307777
-0.098674
-0.223279
-0.174971
-0.262183
-0.217551
-0.317929
-0.157102
-0.298074
-0.352247
-0.358595
-0.357526
-0.219893
-0.309886
-0.305508
-0.215596
-0.120775
-0.255882
0.016304
-0.178027
-0.237645
-0.106661
-0.045635
-0.230932
-0.194185
-0.248070
-0.282267
0.015419
-0.163655
-0.170303
-0.238230
-0.343643
-0.353410
-0.393173
-0.351250
-0.393705
-0.323190
-0.389207
-0.169132
-0.229024
-0.369713
-0.397446
-0.405112
-0.253112
-0.381038
-0.361292
-0.422555
-0.261190
-0.034318
-0.220513
-0.328754
0.004871
-0.018068
-0.232361
-0.107820
-0.257602
-0.120225
-0.189322
-0.239845
-0.113798
0.031420
0.108633
0.036015
-0.126395
-0.164181
-0.144682
-0.199612
-0.112427
-0.207443
-0.189919
-0.143465
-0.248974
-0.334058
-0.386977
-0.295102
-0.317149
-0.087072
-0.230837
-0.204805
-0.162896
-0.267831
-0.347688
-0.400111
-0.436338
-0.403042
-0.175555
-0.106771
-0.109430
-0.055289
-0.106076
-0.160802
-0.208879
-0.335303
-0.394475
-0.419066
-0.198421
-0.273015
-0.285846
-0.292272
-0.344390
-0.202723
-0.173548
-0.337669
-0.410180
-0.342581
-0.314251
-0.275350
-0.275612
-0.375673
-0.181324
-0.071680
-0.222531
-0.234058
-0.338431
-0.210526
-0.200278
-0.170877
-0.320453
-0.397511
-0.422231
-0.106938
-0.210973
-0.265344
-0.174427
-0.232657
-0.203327
-0.333800
-0.408261
-0.440727
-0.428191
-0.407282
-0.016565
-0.193884
-0.283401
-0.230741
-0.277963
-0.239981
-0.210194
-0.350869
-0.212897
0.020391
-0.197231
-0.276859
-0.338708
-0.294760
-0.307984
-0.103674
-0.262287
-0.190028
-0.000915
-0.129448
-0.294612
-0.340684
-0.251693
-0.355378
-0.412522
-0.185293
-0.249711
0.006724
-0.005830
-0.238257
-0.269604
-0.236166
-0.353417
-0.414723
-0.270931
-0.277639
-0.095744
-0.238488
-0.332500
-0.389414
-0.235235
-0.349741
-0.407837
-0.339807
-0.367360
-0.184787
-0.298666
-0.380458
-0.366748
-0.358012
-0.425037
-0.432546
-0.463098
-0.427403
-0.233384
-0.318261
-0.388141
-0.013542
-0.208357
-0.339368
-0.220586
-0.359053
-0.350811
-0.419035
-0.412559
-0.434223
-0.137875
-0.181592
-0.182961
-0.161106
-0.231955
-0.293702
-0.389127
-0.277368
-0.347540
-0.110995
-0.271345
-0.282267
-0.352013
-0.378318
-0.256218
-0.194510
-0.072971
-0.166599
-0.165940
-0.280917
-0.348062
-0.392154
-0.370395
-0.389663
-0.302911
-0.287366
-0.351286
-0.331075
-0.273698
-0.329793
-0.373021
-0.071322
-0.264931
-0.235081
-0.219821
-0.313317
-0.248665
-0.317257
-0.050260
-0.214003
-0.234903
-0.149973
-0.197474
0.062559
-0.080486
-0.173814
-0.251837
0.039868
-0.150723
-0.181916
-0.168453
-0.142271
-0.049056
-0.186302
-0.295179
-0.204888
-0.265702
-0.281307
-0.268535
-0.367841
-0.282485
-0.118405
-0.272880
-0.363469
-0.371838
-0.384213
-0.248925
-0.344078
-0.419445
-0.324161
-0.171735
-0.255442
-0.240645
-0.331550
-0.205117
-0.293262
-0.352591
-0.083639
-0.162628
-0.209922
-0.026778
0.032365
-0.023272
-0.169089
-0.167405
-0.159123
-0.175946
-0.280270
-0.267476
-0.235641
-0.166562
-0.281855
-0.293375
0.043880
-0.190030
-0.294555
-0.335249
-0.262616
-0.270272
-0.186877
-0.288558
-0.308238
-0.198622
-0.337886
-0.391159
-0.199294
-0.342341
-0.155170
-0.214727
-0.353623
-0.363132
-0.362051
-0.412374
-0.399844
-0.317875
-0.409465
-0.451110
-0.417052
-0.464620
-0.252771
-0.394298
-0.343799
-0.230322
-0.326378
-0.396123
-0.450454
-0.325745
-0.385625
-0.416936
-0.462013
-0.406360
-0.326528
-0.323666
-0.363551
-0.352479
-0.257161
-0.354508
-0.414869
-0.413781
-0.292723
-0.286649
-0.299008
-0.316200
-0.330554
-0.396851
-0.425415
-0.335726
-0.183894
-0.089102
-0.292317
-0.344090
-0.395260
-0.392027
-0.430324
-0.426404
-0.269256
-0.232777
-0.090828
-0.293408
-0.197304
-0.345044
-0.354194
-0.354566
-0.359210
-0.086119
-0.119891
-0.108370
-0.237991
-0.349543
-0.347181
-0.311989
-0.399204
-0.412771
-0.137421
0.077293
0.006798
-0.228197
-0.354559
-0.176014
-0.298425
-0.386216
-0.382691
-0.086397
0.103382
0.129412
-0.126358
-0.290649
-0.240383
-0.347100
-0.391735
-0.365423
-0.375230
-0.396373
-0.126850
0.003487
-0.201923
-0.109219
-0.295068
-0.383354
-0.274232
-0.338563
-0.388990
-0.310443
-0.026609
-0.127357
-0.204969
-0.149501
-0.247494
-0.245486
-0.099876
0.016628
-0.132640
-0.120253
-0.202005
-0.301266
-0.092178
-0.054009
-0.109454
-0.060834
0.097684
0.084816
-0.045911
-0.143210
-0.184657
-0.206362
-0.113099
0.090397
-0.045930
0.212229
0.023621
-0.146379
0.050820
0.066129
-0.055037
0.011966
0.131492
-0.037810
-0.111884
-0.235043
-0.286064
-0.032628
-0.007833
-0.167808
-0.200007
-0.124828
-0.181776
-0.246660
-0.349613
-0.215390
-0.300839
-0.078408
-0.264004
-0.341898
-0.145170
-0.300091
-0.022340
-0.248418
-0.252137
-0.361071
-0.181219
-0.328193
-0.350777
-0.117310
-0.298019
-0.292469
-0.378145
-0.351523
-0.422259
-0.355618
-0.428049
-0.393829
-0.184900
-0.331971
-0.352757
-0.412011
-0.374860
-0.431259
-0.455913
-0.476673
-0.337692
-0.373010
-0.048548
-0.023224
0.063983
-0.107863
-0.223186
-0.340026
-0.388710
-0.090937
-0.216827
0.053209
0.147043
0.220672
-0.045764
-0.063803
-0.101683
0.160616
0.144881
0.253507
0.227789
0.298661
0.141715
0.011993
0.010740
0.311150
0.213417
0.198446
0.406423
0.284129
0.156942
0.004299
0.326936
0.194776
0.161880
0.138606
0.088462
0.129972
0.124427
-0.008725
-0.123638
-0.160240
-0.135719
-0.162228
-0.067024
-0.108969
-0.143316
-0.207851
-0.301518
-0.338743
-0.378463
-0.420832
-0.406861
-0.437997
-0.307518
-0.343572
-0.351748
-0.398654
-0.335359
-0.339967
-0.425149
-0.411756
-0.448886
-0.430683
-0.374928
-0.200568
-0.012396
0.034207
-0.129252
0.013961
0.073063
-0.041368
-0.205617
-0.121908
0.009090
0.056862
0.050148
0.039562
-0.072411
-0.123322
-0.198395
-0.115687
-0.154693
-0.010201
0.010307
-0.036328
0.212888
0.010586
-0.117072
-0.132475
-0.065402
-0.124411
-0.215321
-0.269012
-0.329776
-0.243514
-0.098779
-0.161945
-0.058685
-0.175588
-0.185818
-0.278429
-0.369233
-0.412153
-0.313654
-0.061364
-0.229960
-0.246227
-0.198650
-0.248115
-0.089060
-0.286200
-0.201013
-0.088666
-0.164274
-0.303177
-0.316189
-0.294289
-0.261105
-0.202744
-0.316635
-0.177993
-0.288585
-0.304498
-0.374664
-0.303339
-0.349409
-0.066933
-0.260151
-0.334142
-0.330864
-0.398455
-0.163727
-0.302249
-0.269630
-0.273067
-0.021137
-0.250438
-0.325906
-0.284336
-0.362606
-0.119382
-0.296582
-0.192355
-0.165184
-0.088966
-0.248836
-0.282775
-0.294021
-0.350738
-0.322111
-0.363585
-0.083693
-0.223685
-0.349601
-0.200018
-0.335689
-0.293388
-0.290805
-0.325076
-0.392026
-0.408243
-0.377599
-0.436343
-0.329521
-0.389217
-0.168982
-0.188486
-0.314693
-0.396281
-0.445402
-0.205467
-0.350253
-0.270972
-0.332627
-0.221373
-0.198196
-0.275937
-0.168462
-0.328156
-0.312711
-0.391616
-0.306364
-0.369944
-0.260157
-0.317719
-0.290132
-0.277582
-0.376245
-0.383465
-0.249226
-0.333787
-0.395030
-0.421582
-0.400186
-0.350479
-0.297333
-0.322913
-0.323377
-0.302273
-0.347814
-0.354066
-0.415572
-0.188133
-0.223596
-0.264201
-0.325494
-0.178736
-0.275390
-0.248771
0.018302
-0.233643
0.009216
-0.210272
-0.282235
-0.341056
-0.219693
-0.203364
-0.136425
-0.002614
-0.222054
-0.120674
-0.254293
-0.281819
-0.374976
-0.261121
-0.264364
-0.192298
-0.140591
-0.297012
-0.164180
-0.075757
-0.210976
-0.344490
-0.135028
-0.186190
-0.190793
-0.227141
-0.035323
0.141521
-0.114724
-0.180800
-0.300642
-0.233148
-0.255357
-0.140218
-0.166838
-0.050791
0.042208
-0.163532
-0.202737
-0.052537
-0.103863
-0.268375
-0.192124
-0.033799
0.017116
0.120511
0.159678
-0.078976
-0.140466
-0.072605
-0.232634
-0.185280
0.014986
-0.013335
0.144342
0.234705
0.015496
-0.063122
-0.074769
0.053421
-0.099337
0.043260
-0.029151
-0.094366
0.024938
0.048177
0.012822
0.049108
0.165845
-0.064042
-0.157876
0.008233
-0.068118
-0.055423
-0.205666
-0.241313
-0.070988
-0.108272
-0.243615
-0.297709
-0.289551
-0.038537
-0.132890
-0.288498
-0.284192
-0.198361
-0.241116
-0.316107
-0.176025
-0.322234
-0.059380
-0.106411
-0.073036
-0.015828
-0.080109
-0.108726
-0.150167
0.081332
-0.140353
-0.061881
0.017035
-0.156436
0.068434
-0.149459
-0.062860
-0.094622
0.195936
0.137696
0.131193
0.051896
-0.087533
-0.176024
-0.274603
-0.130852
-0.257638
-0.123405
-0.112120
0.062086
-0.143176
-0.227769
-0.277577
-0.118559
-0.087204
-0.258293
-0.296450
-0.261266
-0.302859
-0.338073
-0.347240
-0.048408
-0.223333
-0.184315
-0.207329
-0.312958
-0.297093
-0.358747
-0.346308
-0.159024
-0.311456
-0.355331
-0.253376
-0.245917
-0.335240
-0.209787
-0.226315
-0.274348
-0.227596
-0.359145
-0.411878
-0.050996
0.075099
-0.107882
-0.153965
-0.100699
-0.096885
-0.250919
-0.349620
-0.405118
-0.138585
-0.064823
-0.078128
-0.169708
-0.037120
-0.088805
-0.264301
-0.236764
-0.345527
-0.345609
-0.337255
-0.227788
-0.105701
0.132636
0.081393
-0.144657
-0.072747
-0.226116
-0.293192
-0.284937
-0.316807
-0.213135
-0.133026
-0.158025
-0.224047
-0.060800
0.062244
-0.039443
-0.183164
-0.288628
-0.244648
-0.201690
-0.125302
-0.195082
0.037912
0.167902
0.076229
-0.129371
-0.152191
-0.177848
-0.217529
-0.075278
-0.126526
0.027694
-0.011230
0.000701
-0.136584
-0.206014
-0.257651
-0.258003
-0.245189
-0.196200
-0.037641
-0.184774
-0.240780
-0.261759
-0.301059
-0.331767
-0.218765
-0.277772
-0.121875
-0.164845
-0.294617
-0.366265
-0.403946
-0.291623
-0.336492
-0.318725
-0.294982
-0.243712
-0.214637
-0.296149
-0.318112
-0.372730
-0.408374
-0.301939
-0.219054
-0.324099
-0.406364
-0.205811
-0.302983
-0.331464
-0.363141
-0.391506
-0.171221
-0.017025
-0.201759
-0.343096
-0.178784
-0.330485
-0.329336
-0.348659
-0.093843
-0.058280
-0.073256
0.117011
-0.050940
-0.241435
-0.345238
-0.100195
0.122485
0.148301
-0.054820
-0.149989
-0.129595
-0.071726
-0.231709
-0.299759
-0.114767
0.134966
0.174703
-0.082415
-0.199307
-0.140214
-0.073173
-0.222227
-0.240004
-0.297335
-0.145234
0.018702
-0.174562
-0.202391
-0.293044
-0.272984
-0.366453
-0.395575
-0.393557
-0.426995
-0.424837
-0.450972
-0.396151
-0.450435
-0.412922
-0.447681
-0.375173
-0.278851
-0.409687
-0.464510
-0.481873
-0.480565
-0.482422
-0.390701
-0.372250
-0.143465
-0.178227
-0.356370
-0.426869
-0.456800
-0.480349
-0.404045
-0.384936
-0.309496
-0.306871
-0.057280
-0.243434
-0.241401
-0.349867
-0.413610
-0.323667
-0.333793
-0.289070
-0.284627
-0.025392
-0.156403
-0.315006
-0.119450
-0.278312
-0.236423
-0.126384
-0.206840
-0.054976
-0.005010
-0.213173
-0.320230
-0.191470
-0.323962
-0.091346
-0.057214
-0.141687
-0.054229
-0.000091
-0.211263
-0.161431
-0.099980
-0.264135
-0.090248
-0.110011
-0.061014
-0.225405
-0.311502
-0.367921
-0.148142
-0.148683
-0.205735
-0.047975
-0.053630
-0.080702
-0.238472
-0.334681
-0.360401
-0.139258
-0.271620
-0.337902
0.014734
-0.029476
-0.234197
-0.303488
-0.331173
-0.063685
-0.122004
-0.257194
-0.245089
-0.308617
-0.383793
-0.423771
-0.429797
-0.377765
-0.171858
-0.264445
-0.181387
-0.070015
-0.254277
-0.370464
-0.267401
-0.250278
-0.117392
-0.168661
-0.307417
-0.012793
-0.170916
-0.018043
0.175968
0.267909
0.150303
-0.027496
-0.100126
-0.225499
-0.205506
-0.261303
0.060603
0.175046
0.214593
0.245658
0.008397
-0.166022
-0.168870
-0.190438
-0.194367
-0.260165
-0.316197
-0.194004
0.013563
-0.063365
-0.238889
-0.059171
0.021528
0.038431
-0.162994
-0.286904
-0.191530
-0.064452
0.219999
0.363130
0.186668
0.231915
0.283270
0.241120
0.089428
0.098876
0.121089
0.038014
0.278563
0.157575
0.070329
0.003736
0.088792
0.071355
0.102763
0.205505
0.031071
0.233946
0.068926
-0.061315
-0.132751
-0.122366
-0.190968
-0.075225
-0.149894
-0.138717
-0.014138
-0.093299
-0.125966
-0.151051
-0.192768
-0.306064
-0.117038
-0.215132
-0.260412
-0.098007
-0.118612
-0.058714
-0.095280
-0.131826
-0.226638
-0.187005
-0.097423
-0.206823
-0.321336
-0.325098
-0.182649
-0.044448
-0.045333
-0.073751
-0.259524
-0.317031
-0.381352
-0.425694
-0.265041
-0.200782
-0.159553
-0.140543
-0.153486
-0.317336
-0.396201
-0.434114
-0.312178
-0.078878
-0.238251
-0.190489
-0.327131
-0.188198
-0.292196
-0.379524
-0.348212
-0.349594
-0.258203
-0.373765
-0.356852
-0.421293
-0.350422
-0.279637
-0.335891
-0.389011
-0.410689
-0.404132
-0.449985
-0.433582
-0.418349
-0.388607
-0.227342
-0.244586
-0.344925
-0.379813
-0.437733
-0.100739
-0.155054
-0.306286
-0.386474
-0.281377
-0.183747
-0.332448
-0.373140
-0.395024
-0.384289
-0.183379
-0.278669
-0.391446
-0.400198
-0.182134
-0.336087
-0.333187
-0.350983
-0.380159
-0.115644
-0.282082
-0.385896
-0.396229
-0.412483
-0.246996
-0.125435
-0.319190
-0.236597
-0.036601
-0.236468
-0.271990
-0.263753
-0.357679
-0.164597
-0.244137
-0.355258
-0.318416
-0.313483
-0.210552
-0.259980
-0.102150
-0.174326
-0.100576
-0.279981
-0.328518
-0.272519
-0.280155
-0.201478
-0.188648
-0.122169
-0.136587
-0.228837
-0.333035
-0.384129
-0.370352
-0.127045
-0.062430
0.081476
-0.118715
-0.277726
-0.345752
-0.295945
-0.337359
-0.362256
-0.358980
-0.370019
-0.199386
-0.234225
-0.353495
-0.426467
-0.229753
-0.245750
-0.171628
-0.254805
-0.343104
-0.239817
-0.103318
0.041647
-0.215088
-0.128973
-0.030138
-0.097490
-0.098206
-0.059775
0.120541
0.062032
-0.049613
-0.070243
-0.065069
-0.058603
-0.194139
-0.227644
-0.113899
-0.166808
-0.097154
-0.132570
-0.121206
-0.238224
-0.317057
-0.350482
-0.230033
-0.319267
-0.373193
-0.175505
-0.156816
-0.068843
-0.242067
-0.342951
-0.274515
-0.105922
-0.287687
-0.304579
-0.298281
-0.293126
-0.292194
-0.252682
-0.171261
-0.290693
-0.268982
-0.374564
-0.246340
-0.346576
-0.412406
-0.415513
-0.363135
-0.423413
-0.442622
-0.365862
-0.406226
-0.278877
-0.350739
-0.422297
-0.421173
-0.319656
-0.416890
-0.363167
-0.393985
-0.192848
-0.209760
-0.350655
-0.418535
-0.374390
-0.044833
-0.243525
-0.286553
-0.342584
-0.295566
-0.388581
-0.425952
-0.451873
-0.432058
-0.123517
-0.259608
-0.330438
-0.268369
-0.249782
-0.381846
-0.344491
-0.200989
-0.304495
-0.321719
-0.213251
-0.144373
-0.122808
-0.256247
-0.367803
-0.268218
-0.254813
-0.153953
-0.293000
-0.169678
-0.087350
-0.211184
-0.332769
-0.402028
-0.434932
-0.307926
-0.139985
-0.233773
-0.137866
-0.082591
-0.245940
-0.310286
-0.395233
-0.436379
-0.183650
-0.056360
-0.202526
-0.110370
-0.166900
-0.164400
-0.300968
-0.354440
-0.289616
-0.361685
-0.044615
-0.179163
-0.285420
-0.363719
-0.312680
-0.390276
-0.422832
-0.231829
-0.344295
-0.407135
-0.114180
-0.270668
-0.359998
-0.375887
-0.301939
-0.339347
-0.111783
0.023035
-0.229476
-0.173558
0.017905
-0.136882
-0.166605
-0.281316
-0.248531
-0.347195
-0.126724
-0.278197
-0.227720
-0.070821
-0.125402
-0.277443
-0.348468
-0.263304
-0.367789
-0.163967
-0.309808
-0.156648
-0.240387
-0.191633
-0.316479
-0.082208
-0.159305
-0.154236
-0.080995
-0.101193
-0.165549
-0.272839
-0.220058
-0.219774
-0.107581
-0.195913
-0.169520
-0.231065
-0.320687
-0.299411
-0.344015
-0.311022
-0.263860
-0.157996
-0.235145
-0.169216
-0.250800
-0.345192
-0.324401
-0.370423
-0.356396
-0.220496
-0.002836
0.036440
0.031155
0.017641
0.021558
-0.130422
-0.233281
-0.281678
-0.286895
-0.051873
-0.123785
0.019511
-0.066817
-0.183828
-0.180169
-0.198408
-0.266625
-0.220033
-0.318222
-0.368929
-0.043833
-0.227016
-0.300723
-0.223318
-0.161223
-0.197616
-0.077608
-0.264285
-0.327176
0.002454
-0.155139
-0.304550
-0.281542
-0.373105
-0.359545
-0.285053
-0.383623
-0.185557
-0.057298
0.165027
-0.153706
-0.240940
-0.356265
-0.295772
-0.287433
-0.378792
-0.318733
-0.165676
-0.233681
-0.244036
-0.280881
-0.245345
-0.287738
-0.347835
-0.295532
-0.315091
-0.346716
-0.388996
-0.427070
-0.412215
-0.405928
-0.401976
-0.377609
-0.359792
-0.238503
-0.323556
-0.407448
-0.457134
-0.419903
-0.439851
-0.322284
-0.305748
-0.330886
-0.167239
0.042742
-0.238211
-0.334801
-0.283559
-0.352897
-0.215351
-0.232236
-0.283161
-0.006389
0.030209
-0.174929
-0.231389
-0.209445
-0.303360
-0.131342
0.030052
-0.123363
0.109999
-0.042959
-0.126779
-0.138795
-0.026655
-0.097139
-0.150387
-0.059780
-0.157318
-0.024328
-0.102841
-0.145482
-0.137331
-0.023860
0.049161
-0.067535
-0.188292
-0.263086
-0.296360
-0.189079
-0.016166
-0.086118
-0.165532
-0.188272
0.011598
-0.142447
-0.176085
-0.298285
-0.192080
-0.150261
-0.170881
-0.207210
-0.251593
-0.270071
-0.136958
-0.295708
-0.348767
-0.159808
-0.208407
-0.232422
-0.167834
-0.147733
-0.243146
-0.323103
-0.394671
-0.435403
-0.372099
-0.268576
-0.212833
-0.302772
-0.321875
-0.304868
-0.368032
-0.266083
-0.383913
-0.354332
-0.322358
-0.357867
-0.407862
-0.396249
-0.412740
-0.404455
-0.364908
-0.118885
0.069304
-0.180483
-0.320253
-0.353747
-0.320435
-0.407163
-0.429466
-0.375558
-0.149309
-0.258593
-0.360985
-0.367386
-0.370488
-0.264643
-0.389340
-0.365581
-0.276136
-0.175618
-0.317445
-0.357946
-0.379183
-0.425804
-0.148148
-0.125453
0.033051
-0.141298
0.008100
-0.060820
-0.228578
-0.297688
-0.353853
-0.173904
0.020831
0.066519
-0.126463
0.175378
0.215058
-0.064063
-0.169628
-0.218070
-0.243409
-0.233798
-0.241151
-0.269242
-0.069887
-0.177352
-0.166445
-0.264952
-0.293335
-0.302816
-0.297361
-0.275060
-0.228819
-0.132908
-0.261044
-0.320660
-0.244524
-0.206423
-0.063491
-0.018714
0.013202
-0.155661
-0.104140
-0.197298
-0.266983
-0.159086
-0.262197
0.011262
0.012495
-0.153009
-0.255321
-0.346577
-0.364013
-0.315286
-0.323588
-0.363240
-0.321045
-0.160611
-0.325288
-0.208996
-0.347888
-0.349892
-0.343479
-0.399683
-0.162624
-0.325847
-0.323648
-0.408161
-0.263725
-0.116505
-0.226616
-0.000065
-0.204432
0.080301
-0.154625
-0.198033
-0.306289
-0.312967
-0.241635
-0.254060
-0.208293
-0.115722
0.052748
0.122464
0.026639
-0.141479
-0.232743
-0.327187
-0.347108
-0.366849
-0.303104
-0.032834
0.093967
-0.090918
-0.203370
-0.249741
-0.358815
-0.382212
-0.389475
-0.398770
-0.204611
-0.264969
-0.308737
-0.374030
-0.392198
-0.441898
-0.362570
-0.423369
-0.441363
-0.455532
-0.454048
-0.435736
-0.424040
-0.377121
-0.412397
-0.282384
-0.400211
-0.443958
-0.469855
-0.362997
-0.424443
-0.397692
-0.413762
-0.354008
-0.377500
-0.330946
-0.387402
-0.394320
-0.134376
-0.335478
-0.393689
-0.405595
-0.222402
-0.317992
-0.190261
-0.282693
-0.318184
-0.078030
-0.279820
-0.358750
-0.052594
-0.065857
-0.100833
-0.229264
-0.223245
-0.301140
-0.294523
-0.223670
-0.280019
-0.100557
-0.029032
-0.116035
-0.196661
0.004096
-0.150362
-0.213508
-0.185294
-0.274848
-0.282393
-0.022503
-0.056059
-0.200701
-0.143312
-0.100001
0.049043
-0.049236
-0.191415
-0.241350
-0.073639
-0.190692
-0.305826
-0.214807
-0.242024
-0.314324
-0.363487
-0.262412
-0.195418
0.000608
-0.190168
-0.277193
-0.368261
-0.352223
-0.408554
-0.392801
-0.093626
-0.156500
-0.063045
-0.179774
0.056541
-0.205204
-0.239624
-0.297277
-0.100959
-0.000258
-0.183934
-0.042375
-0.099968
-0.075633
-0.192874
-0.277734
-0.263235
-0.314260
-0.351595
-0.355301
-0.184932
-0.276425
-0.250254
-0.224969
-0.358214
-0.302649
-0.371220
-0.394250
-0.274990
-0.175779
-0.281926
-0.248144
-0.188660
-0.340128
-0.408109
-0.398965
-0.117316
-0.116042
-0.031640
0.029559
-0.163914
-0.312506
-0.275834
-0.366383
-0.336253
-0.275316
0.044544
-0.040240
-0.243058
-0.317521
-0.392752
-0.350347
-0.238972
-0.147268
-0.236017
-0.281275
-0.282331
-0.382348
-0.293516
-0.304877
-0.313957
-0.095635
-0.104515
-0.279442
-0.370296
-0.331859
-0.045525
0.155094
-0.120214
-0.256035
-0.208605
-0.229708
-0.315686
-0.359714
-0.300658
-0.196200
-0.011535
-0.120498
-0.264757
-0.177214
-0.285169
-0.043988
-0.064060
-0.153281
-0.265784
-0.228301
-0.024443
-0.215896
-0.258543
-0.338342
-0.304461
-0.355782
-0.269685
-0.307018
-0.336386
-0.139687
-0.314728
-0.358865
-0.362318
-0.326076
-0.397558
-0.254795
-0.006630
-0.117110
-0.294093
-0.391173
-0.400935
-0.102071
-0.178979
-0.156156
-0.222465
-0.070304
0.126603
-0.144918
-0.301146
-0.331186
-0.073270
-0.196677
-0.210045
-0.283590
-0.288252
0.030138
0.113389
0.095469
-0.003456
-0.144484
-0.243646
-0.208883
-0.269394
-0.264513
0.000438
-0.160238
-0.064713
-0.138102
-0.233906
-0.318481
-0.335568
-0.269954
-0.193463
-0.029217
-0.199261
-0.112888
-0.277387
-0.227335
-0.292261
-0.347678
-0.184965
-0.079604
-0.091873
-0.011605
-0.064542
-0.236817
-0.343234
-0.290117
-0.320796
-0.158412
-0.200840
-0.289523
-0.035254
-0.246979
-0.171555
-0.315846
-0.125421
-0.254206
-0.161187
-0.249410
-0.346459
-0.081063
-0.269502
-0.299991
-0.281899
-0.314257
-0.337416
-0.351562
-0.319928
-0.362563
-0.340826
-0.209591
-0.295398
-0.353590
-0.383296
-0.394650
-0.382455
-0.352855
-0.327049
-0.373458
-0.316080
-0.266593
-0.324928
-0.375765
-0.422300
-0.351638
-0.331508
-0.411558
-0.381547
-0.389696
-0.188979
-0.330002
-0.383209
-0.428619
-0.321060
-0.294138
-0.382735
-0.273101
-0.331484
-0.214396
-0.355013
-0.235800
-0.295522
-0.330171
-0.412561
-0.164973
-0.252739
-0.171178
-0.274194
-0.356151
-0.330020
-0.404106
-0.364206
-0.428493
-0.280325
-0.345295
-0.326647
-0.398828
-0.329145
-0.308740
-0.400708
-0.109963
-0.305011
-0.318351
-0.391769
-0.332266
-0.375016
-0.301835
-0.038189
0.022402
-0.102378
-0.282610
-0.318261
-0.391001
-0.124974
-0.253178
-0.337456
-0.184618
-0.214230
-0.331883
-0.241298
-0.296765
-0.299958
-0.327645
-0.344780
-0.364396
-0.372094
-0.300623
-0.390417
-0.014730
-0.203385
0.029781
-0.158473
-0.267334
-0.055609
-0.259637
-0.214164
-0.249138
-0.204632
-0.305954
-0.197026
-0.255788
-0.272516
-0.058989
-0.255849
-0.311180
-0.395083
-0.419351
-0.431913
-0.445699
-0.442342
-0.233841
0.042715
-0.058674
-0.152217
-0.328224
-0.363978
-0.304058
-0.391522
-0.313604
-0.257162
-0.128004
-0.148216
-0.134300
-0.212966
-0.095750
0.080408
-0.120687
0.047420
-0.185531
-0.249371
-0.213903
-0.287570
-0.315154
-0.144637
-0.091324
-0.088958
-0.043498
-0.241477
-0.339040
-0.185379
-0.245360
-0.257502
-0.097949
-0.130766
-0.207169
-0.192385
-0.142161
-0.250551
-0.111317
-0.171193
-0.105100
-0.155812
-0.077007
-0.248086
-0.126309
-0.086987
-0.196789
-0.027255
-0.178396
-0.129329
-0.267663
-0.204595
-0.311662
-0.099971
0.184390
-0.048343
-0.126377
-0.198276
-0.241520
-0.342758
-0.228710
-0.143382
-0.203807
-0.308401
-0.076566
-0.150632
-0.267662
-0.346712
-0.396946
-0.339143
-0.059677
-0.136818
-0.307933
-0.229110
-0.245243
-0.308418
-0.362344
-0.063746
-0.261426
-0.013419
-0.055082
-0.253061
-0.286504
-0.357322
-0.246814
-0.243741
-0.201271
-0.313038
-0.207070
-0.163952
-0.196872
-0.280378
-0.376659
-0.273234
-0.297730
-0.283305
-0.372790
-0.391856
-0.366725
-0.417315
-0.283969
-0.378612
-0.435373
-0.421444
-0.279130
-0.386724
-0.409161
-0.440781
-0.442265
-0.405693
-0.272069
-0.395175
-0.365525
-0.185855
-0.235032
-0.200423
-0.350330
-0.363859
-0.375254
-0.196322
-0.178731
-0.195714
-0.223704
-0.089128
-0.037714
-0.219822
-0.302512
-0.072704
0.075180
-0.116542
-0.148954
-0.139711
-0.170205
-0.197102
0.026119
-0.076222
-0.126325
-0.244623
-0.258495
-0.299596
-0.181478
-0.267510
-0.262153
0.029433
-0.043133
-0.132427
-0.269458
-0.244257
-0.297437
-0.217029
-0.221747
-0.125411
0.061791
0.245483
0.253632
0.073249
-0.048608
-0.082680
-0.170885
-0.237443
-0.233864
0.052797
-0.052817
-0.027232
-0.112890
0.000299
-0.086756
-0.231501
-0.284348
-0.261632
-0.310991
-0.317041
-0.270574
-0.313772
-0.140365
-0.198578
-0.236513
-0.066679
0.120350
-0.144258
-0.237272
-0.177630
-0.295024
-0.353842
-0.299667
-0.126398
-0.127228
0.146614
-0.091126
-0.175105
-0.054086
-0.217184
-0.320690
-0.191327
-0.193869
-0.127386
-0.273272
-0.283420
0.008037
0.093811
-0.149816
-0.185597
-0.176335
-0.216407
-0.184322
-0.312765
-0.213947
0.008750
-0.085193
-0.200427
-0.075533
-0.252868
-0.211343
-0.252827
-0.267055
-0.326835
-0.093951
-0.216534
-0.025587
-0.228301
-0.322849
-0.251653
-0.296374
-0.371524
-0.371446
-0.102778
-0.267657
-0.297380
-0.384738
-0.152050
-0.312191
-0.280224
-0.386652
-0.258520
-0.323737
-0.370403
-0.381868
-0.366482
-0.224911
-0.334432
-0.002680
-0.232970
-0.222191
-0.356829
-0.375924
-0.228597
-0.292767
-0.078429
0.105033
-0.017157
-0.216509
-0.295395
-0.367586
-0.366492
-0.110076
-0.204970
-0.332406
-0.222761
-0.174251
-0.294613
-0.322428
-0.283633
-0.078620
-0.112298
-0.275930
-0.377548
-0.388810
-0.253737
0.066161
-0.005207
-0.224268
-0.227268
-0.269193
-0.341547
-0.389477
-0.365353
-0.394134
-0.100103
-0.036472
-0.252148
-0.300873
-0.306858
-0.283962
-0.150191
-0.283431
-0.348402
-0.309070
-0.219959
-0.320090
-0.376793
-0.418349
-0.343147
-0.277542
-0.369171
-0.417915
-0.426081
-0.420809
-0.450906
-0.454045
-0.461668
-0.326973
-0.425783
-0.388378
-0.449037
-0.426720
-0.409933
-0.438363
-0.279788
-0.232668
-0.210036
-0.365795
-0.269434
-0.372691
-0.411267
-0.211292
-0.227526
-0.170282
-0.231013
-0.162217
-0.243467
-0.158300
-0.245335
-0.312232
-0.377213
-0.267393
-0.171948
-0.259506
-0.083087
-0.200433
-0.106461
-0.055809
-0.167571
-0.298753
-0.282121
-0.132031
-0.241557
-0.331942
-0.117134
-0.213468
-0.120103
-0.249662
-0.328287
-0.377184
-0.257575
-0.354210
-0.419547
-0.450086
-0.414149
-0.129735
-0.260221
-0.352495
-0.404307
-0.357054
-0.397933
-0.427365
-0.465226
-0.338499
-0.273470
-0.359240
-0.377158
-0.308561
-0.282974
-0.204136
-0.232175
-0.282701
-0.381903
-0.315166
-0.335404
-0.382685
-0.277659
-0.282502
-0.138926
-0.205119
-0.285565
-0.381850
-0.219875
-0.123893
-0.127251
-0.221727
-0.248574
-0.237963
-0.176885
-0.216087
-0.198986
-0.321505
-0.325685
-0.398347
-0.266381
-0.300776
-0.266835
-0.237289
-0.166361
-0.177390
-0.329278
-0.378856
-0.435669
-0.374034
-0.344943
-0.164427
-0.142561
-0.232111
-0.303341
-0.346201
-0.301072
-0.328727
-0.393805
-0.363923
-0.401068
-0.239248
-0.295993
-0.258093
-0.383315
-0.205500
-0.037508
-0.236694
-0.349628
-0.399230
-0.133898
-0.278303
-0.102396
-0.292242
-0.343069
-0.081480
-0.219781
-0.262739
-0.342942
-0.235345
-0.347504
-0.280294
-0.373532
-0.385629
-0.178199
-0.320557
-0.130075
-0.285943
-0.300193
-0.356009
-0.379510
-0.434404
-0.188073
-0.143102
-0.306934
-0.324257
-0.364973
-0.320730
-0.295020
-0.392498
-0.428230
-0.116361
-0.133071
-0.220278
-0.288316
-0.313200
-0.401923
-0.262106
-0.361834
-0.256015
-0.149066
-0.287622
0.072353
-0.020112
-0.035885
-0.245521
-0.344251
-0.359236
-0.375749
-0.215986
-0.294320
-0.147367
-0.198879
-0.336664
-0.074054
-0.273318
-0.365307
-0.408251
-0.173856
-0.195791
-0.202198
-0.207337
-0.345084
-0.016683
-0.232508
-0.346713
-0.341648
-0.050101
-0.132819
-0.182356
0.021537
-0.170327
0.005134
-0.201920
-0.273049
-0.211985
-0.027078
0.070892
-0.046367
0.180649
-0.081596
-0.232391
-0.136709
-0.218115
0.024762
-0.073504
0.104088
0.049554
-0.071413
-0.181567
-0.294066
-0.189197
-0.299200
-0.178864
-0.252913
-0.325056
-0.239550
-0.290500
-0.322845
-0.369306
-0.373441
-0.379261
-0.361474
-0.371401
-0.410025
-0.282663
-0.381710
-0.430317
-0.402765
-0.371710
-0.339450
-0.406366
-0.296660
-0.188952
-0.028576
-0.268393
-0.341668
-0.385164
-0.351606
-0.356320
-0.394591
-0.405031
-0.419816
-0.095829
-0.237969
-0.195405
-0.340444
-0.408115
-0.304585
-0.229276
-0.334999
-0.374556
-0.373636
-0.264308
-0.280707
-0.328417
-0.375469
-0.414972
-0.187503
-0.150805
-0.318813
-0.400731
-0.122882
-0.244325
-0.153876
0.023191
-0.224028
-0.117854
-0.023038
-0.218498
-0.282651
-0.172215
-0.145714
-0.054498
-0.060135
-0.216496
-0.140775
-0.004999
-0.142930
-0.162635
-0.249300
-0.150194
-0.214041
-0.321589
-0.228908
-0.263336
-0.335640
-0.395296
-0.393964
-0.375948
-0.349114
-0.291699
-0.399767
-0.151536
-0.307370
-0.403202
-0.448834
-0.430242
-0.278581
-0.362945
-0.431201
-0.463771
-0.454237
-0.456435
-0.449927
-0.481244
-0.423471
-0.386956
-0.430599
-0.477617
-0.387945
-0.454150
-0.413082
-0.394273
-0.452677
-0.271807
-0.355564
-0.440223
-0.449659
-0.265122
-0.372383
-0.442595
-0.338309
-0.376382
-0.213555
-0.278283
-0.394227
-0.402306
-0.159541
-0.206594
-0.357839
-0.267562
-0.359600
-0.389744
-0.414756
-0.188202
-0.313314
-0.172279
-0.128383
-0.170866
-0.224060
-0.312004
-0.386904
-0.417641
-0.199017
-0.328926
-0.318272
-0.358791
-0.309638
-0.312271
-0.225052
-0.316229
-0.260733
-0.299528
-0.374849
-0.278918
-0.364715
-0.271391
-0.260336
-0.205818
-0.211875
-0.095091
-0.252837
-0.136432
-0.063552
-0.181219
-0.063241
0.109029
-0.105767
-0.264337
-0.154760
-0.164307
-0.287655
-0.244751
-0.336658
-0.136483
0.018461
-0.119167
-0.284346
-0.237461
-0.189785
-0.315836
-0.343567
-0.404155
-0.014089
0.054676
0.048847
-0.043418
-0.092963
-0.187635
-0.210990
-0.242029
-0.191062
-0.011193
0.079886
0.090311
-0.143470
0.021477
-0.132551
-0.148653
-0.100763
-0.043533
-0.135801
-0.230790
-0.176634
-0.294534
-0.024190
-0.134064
-0.236383
-0.338004
-0.234742
-0.307541
-0.352519
-0.407843
-0.347292
-0.157854
-0.157137
-0.295508
-0.386414
-0.155942
-0.270386
-0.158788
-0.308957
-0.287454
-0.234903
-0.187757
-0.267938
-0.356255
-0.268342
-0.218823
-0.230362
-0.079343
0.040726
-0.073204
0.052222
-0.183707
-0.314188
-0.333520
-0.394668
-0.372615
-0.260812
-0.121044
-0.020809
-0.024305
-0.227512
-0.339333
-0.348568
-0.414990
-0.337123
-0.260342
-0.314298
-0.387670
-0.212709
-0.232031
-0.290944
-0.341508
-0.306463
-0.165232
-0.285013
-0.339269
-0.409208
-0.364636
-0.227638
-0.266364
-0.295966
-0.312932
-0.248636
-0.342317
-0.176262
-0.292178
-0.394564
-0.094835
-0.165403
-0.091546
-0.278035
-0.246077
-0.322928
-0.288755
-0.347742
-0.408596
-0.427223
-0.182549
-0.075738
-0.282590
-0.306260
-0.343578
-0.316975
-0.283884
-0.198727
-0.328826
-0.224661
-0.241609
-0.231763
-0.283031
-0.218644
-0.272899
-0.191635
-0.304445
-0.184602
-0.122057
-0.200865
-0.063436
-0.113932
-0.272150
-0.355999
-0.130714
-0.249083
-0.201457
0.026040
0.070284
-0.173813
-0.230112
-0.329141
-0.352230
-0.250633
-0.254180
-0.075279
-0.224701
0.080769
-0.175485
-0.283754
-0.318691
-0.189405
-0.170379
-0.179512
-0.175672
-0.305484
0.047797
0.104177
-0.047524
-0.211857
-0.246553
-0.332891
-0.064078
-0.128062
-0.250278
-0.178604
-0.112810
-0.140327
-0.195088
-0.231237
-0.330628
-0.323290
-0.206222
-0.306713
-0.256872
-0.240074
-0.200646
0.043427
0.029566
-0.032736
-0.146474
-0.258414
-0.343778
-0.279903
-0.181878
-0.134113
-0.077146
-0.187529
-0.253599
0.052617
-0.175255
-0.315093
-0.378597
-0.324856
-0.302416
-0.138056
-0.264182
-0.258222
-0.143707
-0.303209
-0.380066
-0.422716
-0.408221
-0.226058
-0.159491
-0.151025
-0.268284
-0.208949
-0.348518
-0.242276
-0.292858
-0.302022
-0.344678
-0.344424
-0.074380
-0.263572
-0.316544
-0.383408
-0.240675
-0.192709
-0.321238
-0.357595
-0.329019
-0.066940
-0.248356
-0.321119
-0.372066
-0.293208
-0.191082
-0.333684
0.032022
0.039830
0.072395
-0.159214
-0.305488
-0.343970
-0.394048
-0.381377
-0.383703
-0.001678
0.167460
0.088892
-0.171117
-0.313100
-0.376750
-0.410197
-0.355526
-0.319632
-0.300213
-0.298252
-0.069900
-0.272314
-0.322047
-0.381479
-0.292337
-0.333558
-0.287771
-0.333347
-0.350325
-0.103410
-0.186514
-0.314737
-0.282433
-0.220734
-0.308949
-0.282306
-0.127572
-0.270874
-0.259451
-0.271778
-0.258022
-0.363574
-0.301493
-0.273161
-0.353803
-0.349186
-0.364826
-0.381853
-0.321786
-0.342916
-0.413940
-0.413406
-0.311349
-0.400057
-0.379205
-0.030487
-0.227960
-0.241843
-0.307451
-0.378790
-0.322489
-0.166909
-0.291904
-0.107278
-0.090813
-0.254541
-0.224775
-0.146699
-0.303029
-0.246780
-0.237000
-0.266719
-0.199756
-0.139537
-0.237984
-0.082126
-0.232715
-0.285935
-0.260264
-0.314281
-0.239732
-0.257148
-0.284160
-0.259566
-0.332718
-0.378040
-0.231577
-0.140570
-0.284945
-0.359800
-0.349834
-0.362895
-0.430364
-0.415862
-0.342992
-0.415795
-0.402961
-0.351500
-0.399497
-0.430095
-0.324050
-0.426403
-0.369697
-0.269001
-0.381414
-0.398026
-0.204933
-0.060626
-0.276087
-0.247120
-0.360607
-0.401231
-0.414915
-0.100861
-0.267258
-0.153836
0.023381
-0.138752
-0.195946
-0.311613
-0.300262
-0.346972
-0.162506
-0.310763
-0.217376
-0.343894
-0.220491
-0.178687
-0.281446
-0.365606
-0.139136
-0.156378
-0.309055
-0.213994
-0.349156
-0.152943
-0.095650
-0.145969
-0.308614
-0.165818
-0.134969
-0.038236
-0.191501
-0.218952
-0.275671
-0.195718
-0.314057
-0.377512
-0.279616
-0.150126
-0.300460
-0.383155
-0.353766
-0.394472
-0.285767
-0.385439
-0.404369
-0.277681
-0.337711
-0.420547
-0.416574
-0.440283
-0.401291
-0.371008
-0.287550
-0.339669
-0.373671
-0.413427
-0.443512
-0.425557
-0.365763
-0.285006
-0.360069
-0.328381
-0.364939
-0.431745
-0.445320
-0.430173
-0.442451
-0.221656
-0.318232
-0.364235
-0.399180
-0.452392
-0.417131
-0.402259
-0.277150
-0.369326
-0.162598
-0.302761
-0.253930
-0.324281
-0.404963
-0.452610
-0.454053
-0.424663
-0.430582
-0.243262
-0.121987
-0.285819
-0.386806
-0.247409
-0.383603
-0.429315
-0.404985
-0.303788
-0.400549
-0.168343
-0.284303
-0.381306
-0.256691
-0.182140
-0.012154
-0.153711
-0.267627
-0.373850
-0.286061
-0.206010
-0.208375
-0.151168
-0.278403
0.024539
-0.151035
-0.211970
-0.299790
-0.249881
-0.336124
-0.233633
-0.028705
-0.237417
-0.158380
-0.094798
0.129003
0.140490
-0.074609
-0.243796
-0.296191
-0.231715
-0.264469
-0.180162
0.071395
0.093641
0.027869
-0.157994
-0.278556
-0.324711
-0.323932
-0.336026
-0.039358
-0.040061
-0.093273
-0.089401
-0.232481
-0.322353
-0.334717
-0.307631
-0.339361
-0.003773
-0.173411
-0.170255
-0.156546
-0.311993
-0.346184
-0.398585
-0.403890
-0.110215
-0.156126
-0.185806
-0.152136
-0.227048
-0.352989
-0.072426
-0.221905
-0.264751
-0.320774
-0.291477
-0.370587
-0.409818
-0.364514
-0.277614
-0.313182
-0.160226
-0.322922
-0.364657
-0.421203
-0.459091
-0.478651
-0.345495
-0.006039
-0.198855
-0.231440
-0.358848
-0.320168
-0.405001
-0.442068
-0.445876
-0.247222
0.043181
-0.111047
-0.256894
-0.020160
-0.227446
-0.197961
-0.336312
-0.321588
-0.366640
-0.378386
-0.400962
-0.408991
-0.243356
-0.286607
-0.347546
-0.419182
-0.398854
-0.450254
-0.454469
-0.454958
-0.365791
-0.401988
-0.356836
-0.424474
-0.431312
-0.319072
-0.423661
-0.296684
-0.303484
-0.226560
-0.313117
-0.393701
-0.400672
-0.403101
-0.379807
-0.412060
-0.347426
-0.410926
-0.361175
-0.136046
-0.302718
-0.224885
-0.368090
-0.361939
-0.148326
-0.220435
-0.338971
-0.343419
-0.047347
-0.154170
-0.123519
-0.292108
-0.348674
-0.157016
-0.140720
-0.192678
-0.260173
-0.026053
-0.069034
-0.156555
0.068201
-0.183812
-0.191289
-0.151276
-0.157875
-0.292944
-0.196449
-0.054170
-0.166396
-0.023163
-0.225019
-0.268633
-0.331477
-0.053119
-0.243619
-0.311517
-0.063196
-0.117083
-0.277242
-0.327543
-0.216723
-0.337554
-0.162517
-0.048286
-0.250675
-0.244213
-0.238283
-0.355641
-0.237593
-0.123397
-0.242369
-0.171581
-0.212129
-0.299951
-0.385714
-0.377921
-0.427779
-0.326231
-0.299090
-0.304077
-0.155413
-0.174676
0.034437
-0.219158
-0.292028
-0.354277
-0.323613
-0.372426
-0.304221
-0.021256
-0.075823
-0.127393
0.034139
-0.165416
-0.262456
-0.266207
-0.304229
0.040020
0.243326
0.022918
-0.146004
-0.007167
-0.106961
-0.208819
-0.208866
0.068179
0.282287
0.038232
-0.073783
-0.190810
0.063190
-0.095582
0.074268
0.020496
0.202659
0.149254
-0.067531
-0.063243
-0.168310
-0.227911
-0.274767
-0.128577
-0.207519
-0.269212
-0.161363
-0.269483
-0.164088
-0.207514
-0.301124
-0.296717
-0.354050
-0.380352
-0.431881
-0.089280
-0.167606
-0.151550
-0.188482
-0.101558
-0.056256
-0.230218
-0.302732
-0.382741
-0.374886
-0.302133
-0.125233
-0.255463
-0.197824
-0.278307
-0.200820
-0.206953
-0.231898
-0.346625
-0.159467
-0.211848
-0.305951
-0.193235
-0.299830
-0.159958
-0.248427
-0.196580
-0.272528
-0.292726
-0.348115
-0.359336
-0.159082
-0.269862
-0.317565
-0.335943
-0.321103
-0.237718
-0.329992
-0.336686
-0.312532
-0.349313
-0.372748
-0.420182
-0.244220
-0.190590
-0.218038
-0.297194
-0.348193
-0.278818
-0.385936
-0.417774
-0.369567
-0.284523
-0.213260
-0.336532
-0.300718
-0.369974
-0.382113
-0.423641
-0.424265
-0.183135
-0.316342
-0.370619
